47 0.565625011920929 0.7777777910232544 0.5648437738418579 0.7791666388511658 0.5601562261581421 0.7791666388511658 0.559374988079071 0.7805555462837219 0.55859375 0.7805555462837219 0.557812511920929 0.7819444537162781 0.5570312738418579 0.7819444537162781 0.5562499761581421 0.7833333611488342 0.555468738079071 0.7833333611488342 0.5531250238418579 0.7875000238418579 0.5523437261581421 0.7875000238418579 0.551562488079071 0.7888888716697693 0.55078125 0.7888888716697693 0.550000011920929 0.7902777791023254 0.5492187738418579 0.7902777791023254 0.546875 0.7944444417953491 0.546875 0.7958333492279053 0.5453125238418579 0.7986111044883728 0.5453125238418579 0.800000011920929 0.543749988079071 0.8027777671813965 0.543749988079071 0.8041666746139526 0.54296875 0.8055555820465088 0.54296875 0.8069444298744202 0.542187511920929 0.8083333373069763 0.542187511920929 0.8111110925674438 0.5414062738418579 0.8125 0.5414062738418579 0.8138889074325562 0.5406249761581421 0.8152777552604675 0.5406249761581421 0.8180555701255798 0.539843738079071 0.8194444179534912 0.539843738079071 0.8402777910232544 0.5406249761581421 0.8416666388511658 0.5406249761581421 0.8472222089767456 0.5414062738418579 0.8486111164093018 0.5414062738418579 0.8527777791023254 0.542187511920929 0.8541666865348816 0.542187511920929 0.855555534362793 0.54296875 0.8569444417953491 0.54296875 0.8597221970558167 0.5492187738418579 0.8708333373069763 0.550000011920929 0.8708333373069763 0.5523437261581421 0.875 0.5531250238418579 0.875 0.5546875 0.8777777552604675 0.555468738079071 0.8777777552604675 0.557812511920929 0.8819444179534912 0.55859375 0.8819444179534912 0.5601562261581421 0.8847222328186035 0.5609375238418579 0.8847222328186035 0.5625 0.887499988079071 0.563281238079071 0.887499988079071 0.5640624761581421 0.8888888955116272 0.56640625 0.8888888955116272 0.567187488079071 0.8902778029441833 0.5687500238418579 0.8902778029441833 0.569531261920929 0.8888888955116272 0.573437511920929 0.8888888955116272 0.57421875 0.887499988079071 0.5765625238418579 0.887499988079071 0.577343761920929 0.8861111402511597 0.578906238079071 0.8861111402511597 0.5796874761581421 0.8847222328186035 0.5804687738418579 0.8847222328186035 0.581250011920929 0.8833333253860474 0.58203125 0.8833333253860474 0.5835937261581421 0.8805555701255798 0.5843750238418579 0.8805555701255798 0.5859375 0.8777777552604675 0.586718738079071 0.8777777552604675 0.58984375 0.8722222447395325 0.58984375 0.8708333373069763 0.5914062261581421 0.8680555820465088 0.5914062261581421 0.8666666746139526 0.592968761920929 0.8638888597488403 0.592968761920929 0.862500011920929 0.59375 0.8611111044883728 0.59375 0.8583333492279053 0.594531238079071 0.8569444417953491 0.594531238079071 0.8541666865348816 0.5953124761581421 0.8527777791023254 0.5953124761581421 0.8513888716697693 0.5960937738418579 0.8500000238418579 0.5960937738418579 0.8458333611488342 0.596875011920929 0.8444444537162781 0.596875011920929 0.8374999761581421 0.59765625 0.8361111283302307 0.59765625 0.8208333253860474 0.596875011920929 0.8194444179534912 0.596875011920929 0.8166666626930237 0.5960937738418579 0.8152777552604675 0.5960937738418579 0.8125 0.5953124761581421 0.8111110925674438 0.5953124761581421 0.8097222447395325 0.594531238079071 0.8083333373069763 0.594531238079071 0.8069444298744202 0.59375 0.8055555820465088 0.59375 0.8041666746139526 0.592968761920929 0.8027777671813965 0.592968761920929 0.8013888597488403 0.5914062261581421 0.7986111044883728 0.5914062261581421 0.7972221970558167 0.5874999761581421 0.7902777791023254 0.586718738079071 0.7902777791023254 0.5843750238418579 0.7861111164093018 0.5835937261581421 0.7861111164093018 0.582812488079071 0.7847222089767456 0.58203125 0.7847222089767456 0.581250011920929 0.7833333611488342 0.5804687738418579 0.7833333611488342 0.5796874761581421 0.7819444537162781 0.578125 0.7819444537162781 0.577343761920929 0.7805555462837219 0.5757812261581421 0.7805555462837219 0.574999988079071 0.7791666388511658 0.573437511920929 0.7791666388511658 0.5726562738418579 0.7777777910232544
47 0.5335937738418579 0.3194444477558136 0.5328124761581421 0.32083332538604736 0.53125 0.32083332538604736 0.530468761920929 0.3222222328186035 0.5296875238418579 0.3222222328186035 0.5289062261581421 0.3236111104488373 0.528124988079071 0.3236111104488373 0.52734375 0.32499998807907104 0.5257812738418579 0.32499998807907104 0.5249999761581421 0.3263888955116272 0.524218738079071 0.3263888955116272 0.5210937261581421 0.33194443583488464 0.520312488079071 0.33194443583488464 0.514843761920929 0.34166666865348816 0.514843761920929 0.3430555462837219 0.5132812261581421 0.34583333134651184 0.5132812261581421 0.3472222089767456 0.512499988079071 0.34861111640930176 0.512499988079071 0.3499999940395355 0.51171875 0.3513889014720917 0.51171875 0.3541666567325592 0.510937511920929 0.35555556416511536 0.510937511920929 0.3569444417953491 0.5101562738418579 0.3583333194255829 0.5101562738418579 0.3611111044883728 0.5093749761581421 0.36250001192092896 0.5093749761581421 0.3791666626930237 0.5101562738418579 0.38055557012557983 0.5101562738418579 0.38749998807907104 0.510937511920929 0.3888888955116272 0.510937511920929 0.3916666805744171 0.51171875 0.3930555582046509 0.51171875 0.39444443583488464 0.512499988079071 0.3958333432674408 0.512499988079071 0.39722222089767456 0.5140625238418579 0.4000000059604645 0.5140625238418579 0.40138888359069824 0.51953125 0.41111111640930176 0.51953125 0.4124999940395355 0.520312488079071 0.4124999940395355 0.5218750238418579 0.41527777910232544 0.522656261920929 0.41527777910232544 0.524218738079071 0.41805556416511536 0.5249999761581421 0.41805556416511536 0.5257812738418579 0.4194444417953491 0.526562511920929 0.4194444417953491 0.52734375 0.4208333194255829 0.528124988079071 0.4208333194255829 0.5289062261581421 0.42222222685813904 0.5453125238418579 0.42222222685813904 0.546093761920929 0.4208333194255829 0.5492187738418579 0.4208333194255829 0.550000011920929 0.4194444417953491 0.551562488079071 0.4194444417953491 0.5523437261581421 0.41805556416511536 0.5531250238418579 0.41805556416511536 0.5546875 0.41527777910232544 0.555468738079071 0.41527777910232544 0.5570312738418579 0.4124999940395355 0.557812511920929 0.4124999940395355 0.561718761920929 0.4055555462837219 0.561718761920929 0.40416666865348816 0.563281238079071 0.40138888359069824 0.563281238079071 0.4000000059604645 0.5648437738418579 0.39722222089767456 0.5648437738418579 0.3958333432674408 0.565625011920929 0.39444443583488464 0.565625011920929 0.3916666805744171 0.56640625 0.39027777314186096 0.56640625 0.38749998807907104 0.567187488079071 0.3861111104488373 0.567187488079071 0.3819444477558136 0.5679687261581421 0.38055557012557983 0.5679687261581421 0.3569444417953491 0.567187488079071 0.35555556416511536 0.567187488079071 0.3513889014720917 0.56640625 0.3499999940395355 0.56640625 0.34861111640930176 0.565625011920929 0.3472222089767456 0.565625011920929 0.34583333134651184 0.5648437738418579 0.3444444537162781 0.5648437738418579 0.3430555462837219 0.5640624761581421 0.34166666865348816 0.5640624761581421 0.3402777910232544 0.559374988079071 0.33194443583488464 0.55859375 0.33194443583488464 0.5562499761581421 0.32777777314186096 0.555468738079071 0.32777777314186096 0.5546875 0.3263888955116272 0.553906261920929 0.3263888955116272 0.5523437261581421 0.3236111104488373 0.55078125 0.3236111104488373 0.550000011920929 0.3222222328186035 0.5492187738418579 0.3222222328186035 0.5484374761581421 0.32083332538604736 0.54296875 0.32083332538604736 0.542187511920929 0.3194444477558136
47 0.40234375 0.2680555582046509 0.40156251192092896 0.26944443583488464 0.4000000059604645 0.26944443583488464 0.3968749940395355 0.2750000059604645 0.3960937559604645 0.2750000059604645 0.39531248807907104 0.27638888359069824 0.39453125 0.27638888359069824 0.38671875 0.29027777910232544 0.38671875 0.29305556416511536 0.38593751192092896 0.2944444417953491 0.38593751192092896 0.29722222685813904 0.3851562440395355 0.2986111044883728 0.3851562440395355 0.3013888895511627 0.3843750059604645 0.3027777671813965 0.3843750059604645 0.30416667461395264 0.38359373807907104 0.3055555522441864 0.38359373807907104 0.30694442987442017 0.3828125 0.3083333373069763 0.3828125 0.31388887763023376 0.38203126192092896 0.3152777850627899 0.38203126192092896 0.3236111104488373 0.3828125 0.32499998807907104 0.3828125 0.3291666805744171 0.38359373807907104 0.3305555582046509 0.38359373807907104 0.33194443583488464 0.3843750059604645 0.3333333432674408 0.3843750059604645 0.3361110985279083 0.3851562440395355 0.3375000059604645 0.3851562440395355 0.33888888359069824 0.38593751192092896 0.3402777910232544 0.38593751192092896 0.3430555462837219 0.38671875 0.3444444537162781 0.38671875 0.3472222089767456 0.38749998807907104 0.34861111640930176 0.38749998807907104 0.3499999940395355 0.38984376192092896 0.3541666567325592 0.38984376192092896 0.35555556416511536 0.3960937559604645 0.36666667461395264 0.3968749940395355 0.36666667461395264 0.3984375 0.36944442987442017 0.39921873807907104 0.36944442987442017 0.4000000059604645 0.3708333373069763 0.4007812440395355 0.3708333373069763 0.40234375 0.37361112236976624 0.40312498807907104 0.37361112236976624 0.4039062559604645 0.375 0.41015625 0.375 0.41093748807907104 0.37361112236976624 0.4124999940395355 0.37361112236976624 0.41328126192092896 0.375 0.4164062440395355 0.375 0.41718751192092896 0.37361112236976624 0.41874998807907104 0.37361112236976624 0.4203124940395355 0.3708333373069763 0.4203124940395355 0.3652777671813965 0.42109376192092896 0.3638888895511627 0.42109376192092896 0.35972222685813904 0.421875 0.3583333194255829 0.421875 0.3513889014720917 0.42265623807907104 0.3499999940395355 0.42265623807907104 0.3333333432674408 0.4234375059604645 0.33194443583488464 0.4234375059604645 0.3083333373069763 0.4242187440395355 0.30694442987442017 0.4242187440395355 0.2958333194255829 0.4234375059604645 0.2944444417953491 0.4234375059604645 0.2874999940395355 0.42265623807907104 0.28611111640930176 0.42265623807907104 0.2819444537162781 0.421875 0.2805555462837219 0.421875 0.27916666865348816 0.4195312559604645 0.2750000059604645 0.41874998807907104 0.2750000059604645 0.4164062440395355 0.2708333432674408 0.41484373807907104 0.2708333432674408 0.4140625 0.26944443583488464 0.4124999940395355 0.26944443583488464 0.4117187559604645 0.2680555582046509
47 0.47578126192092896 0.35555556416511536 0.4749999940395355 0.3569444417953491 0.47343748807907104 0.3569444417953491 0.47265625 0.3583333194255829 0.4710937440395355 0.3583333194255829 0.4703125059604645 0.35972222685813904 0.46953123807907104 0.35972222685813904 0.46796876192092896 0.36250001192092896 0.4671874940395355 0.36250001192092896 0.4671874940395355 0.3638888895511627 0.46484375 0.3680555522441864 0.46484375 0.36944442987442017 0.46406251192092896 0.3708333373069763 0.46406251192092896 0.3722222149372101 0.46484375 0.37361112236976624 0.46484375 0.375 0.46562498807907104 0.37638887763023376 0.46562498807907104 0.38055557012557983 0.4664062559604645 0.3819444477558136 0.4664062559604645 0.3847222328186035 0.46484375 0.38749998807907104 0.46406251192092896 0.38749998807907104 0.4632812440395355 0.3888888955116272 0.46171873807907104 0.3888888955116272 0.46015626192092896 0.3916666805744171 0.46015626192092896 0.39722222089767456 0.4593749940395355 0.3986110985279083 0.4593749940395355 0.4097222089767456 0.46015626192092896 0.41111111640930176 0.46015626192092896 0.4166666567325592 0.4609375 0.41805556416511536 0.4609375 0.4236111044883728 0.46171873807907104 0.42500001192092896 0.46171873807907104 0.4277777671813965 0.4625000059604645 0.42916667461395264 0.4625000059604645 0.4305555522441864 0.4632812440395355 0.43194442987442017 0.4632812440395355 0.4333333373069763 0.46406251192092896 0.4347222149372101 0.46406251192092896 0.43611112236976624 0.46484375 0.4375 0.46484375 0.43888887763023376 0.4664062559604645 0.4416666626930237 0.4671874940395355 0.4416666626930237 0.46875 0.4444444477558136 0.46953123807907104 0.4444444477558136 0.4703125059604645 0.44583332538604736 0.4710937440395355 0.44583332538604736 0.47187501192092896 0.4472222328186035 0.47265625 0.4472222328186035 0.47343748807907104 0.4486111104488373 0.4742187559604645 0.4486111104488373 0.4749999940395355 0.44999998807907104 0.47578126192092896 0.44999998807907104 0.4765625 0.4513888955116272 0.47968751192092896 0.4513888955116272 0.48046875 0.45277777314186096 0.48828125 0.45277777314186096 0.48906248807907104 0.4541666805744171 0.4898437559604645 0.4541666805744171 0.4906249940395355 0.4555555582046509 0.503125011920929 0.4555555582046509 0.50390625 0.4541666805744171 0.5062500238418579 0.4541666805744171 0.507031261920929 0.45277777314186096 0.5078125 0.45277777314186096 0.508593738079071 0.4513888955116272 0.5093749761581421 0.4513888955116272 0.5101562738418579 0.44999998807907104 0.5140625238418579 0.44999998807907104 0.514843761920929 0.4486111104488373 0.5179687738418579 0.4486111104488373 0.518750011920929 0.4472222328186035 0.5218750238418579 0.4472222328186035 0.5218750238418579 0.4416666626930237 0.522656261920929 0.4402777850627899 0.522656261920929 0.4194444417953491 0.5218750238418579 0.4194444417953491 0.518750011920929 0.4138889014720917 0.518750011920929 0.4124999940395355 0.514843761920929 0.4055555462837219 0.514843761920929 0.40416666865348816 0.512499988079071 0.4000000059604645 0.512499988079071 0.3986110985279083 0.510937511920929 0.3958333432674408 0.510937511920929 0.3930555582046509 0.5101562738418579 0.3916666805744171 0.5101562738418579 0.3888888955116272 0.5093749761581421 0.38749998807907104 0.5093749761581421 0.38055557012557983 0.508593738079071 0.3791666626930237 0.508593738079071 0.36944442987442017 0.5078125 0.3680555522441864 0.5078125 0.36666667461395264 0.507031261920929 0.3652777671813965 0.504687488079071 0.3652777671813965 0.50390625 0.3638888895511627 0.5023437738418579 0.3638888895511627 0.5015624761581421 0.36250001192092896 0.500781238079071 0.3638888895511627 0.49531251192092896 0.3638888895511627 0.4945312440395355 0.36250001192092896 0.49296873807907104 0.36250001192092896 0.4921875 0.3611111044883728 0.4906249940395355 0.3611111044883728 0.4898437559604645 0.35972222685813904 0.48906248807907104 0.35972222685813904 0.48828125 0.3583333194255829 0.48750001192092896 0.3583333194255829 0.4859375059604645 0.35555556416511536
47 0.35624998807907104 0.008333333767950535 0.35546875 0.009722222574055195 0.3531250059604645 0.009722222574055195 0.35078126192092896 0.013888888992369175 0.3499999940395355 0.013888888992369175 0.3492187559604645 0.015277777798473835 0.34843748807907104 0.015277777798473835 0.34453123807907104 0.02222222276031971 0.34453123807907104 0.02361111156642437 0.34296876192092896 0.02638888917863369 0.34296876192092896 0.02777777798473835 0.3421874940395355 0.02916666679084301 0.3421874940395355 0.03055555559694767 0.3414062559604645 0.03194444626569748 0.3414062559604645 0.04305555671453476 0.34062498807907104 0.04444444552063942 0.34062498807907104 0.06111111119389534 0.33984375 0.0625 0.33984375 0.07083333283662796 0.34062498807907104 0.07222222536802292 0.34062498807907104 0.0763888880610466 0.3414062559604645 0.07777778059244156 0.3414062559604645 0.08194444328546524 0.3421874940395355 0.0833333358168602 0.3421874940395355 0.08472222089767456 0.34296876192092896 0.08611111342906952 0.34296876192092896 0.08749999850988388 0.3453125059604645 0.09166666865348816 0.3453125059604645 0.09305555373430252 0.3460937440395355 0.09305555373430252 0.34843748807907104 0.0972222238779068 0.3492187559604645 0.0972222238779068 0.3499999940395355 0.09861110895872116 0.35078126192092896 0.09861110895872116 0.3515625 0.10000000149011612 0.35234373807907104 0.10000000149011612 0.3531250059604645 0.10138888657093048 0.3539062440395355 0.10138888657093048 0.35546875 0.1041666641831398 0.35624998807907104 0.1041666641831398 0.3570312559604645 0.10555555671453476 0.35859376192092896 0.10555555671453476 0.359375 0.10694444179534912 0.3695312440395355 0.10694444179534912 0.37031251192092896 0.10555555671453476 0.3726562559604645 0.10555555671453476 0.3734374940395355 0.1041666641831398 0.37421876192092896 0.1041666641831398 0.375 0.10277777910232544 0.37578123807907104 0.10277777910232544 0.3773437440395355 0.10000000149011612 0.3773437440395355 0.09861110895872116 0.37812501192092896 0.0972222238779068 0.37812501192092896 0.07777778059244156 0.3773437440395355 0.0763888880610466 0.3773437440395355 0.07500000298023224 0.3765625059604645 0.07361111044883728 0.3765625059604645 0.07222222536802292 0.37578123807907104 0.07083333283662796 0.37578123807907104 0.0694444477558136 0.37187498807907104 0.0625 0.37109375 0.0625 0.37031251192092896 0.06111111119389534 0.3695312440395355 0.06111111119389534 0.3687500059604645 0.05972222238779068 0.3671875 0.05972222238779068 0.36640626192092896 0.05833333358168602 0.36640626192092896 0.05694444477558136 0.3648437559604645 0.05416666716337204 0.3648437559604645 0.04583333432674408 0.36406248807907104 0.04444444552063942 0.36406248807907104 0.03055555559694767 0.3648437559604645 0.02916666679084301 0.3648437559604645 0.02361111156642437 0.3656249940395355 0.02222222276031971 0.3656249940395355 0.02083333395421505 0.3671875 0.01805555634200573 0.3671875 0.011111111380159855 0.36640626192092896 0.009722222574055195 0.3578124940395355 0.009722222574055195 0.3570312559604645 0.008333333767950535
47 0.32343751192092896 0.0 0.32343751192092896 0.0027777778450399637 0.3226562440395355 0.004166666883975267 0.32109373807907104 0.004166666883975267 0.3187499940395355 0.008333333767950535 0.3179687559604645 0.008333333767950535 0.31640625 0.011111111380159855 0.31562501192092896 0.011111111380159855 0.3148437440395355 0.012500000186264515 0.3140625059604645 0.012500000186264515 0.31328123807907104 0.013888888992369175 0.31171876192092896 0.013888888992369175 0.3109374940395355 0.015277777798473835 0.3101562559604645 0.015277777798473835 0.30937498807907104 0.01666666753590107 0.30859375 0.01666666753590107 0.30781251192092896 0.01805555634200573 0.3070312440395355 0.01805555634200573 0.3062500059604645 0.01944444514811039 0.3046875 0.01944444514811039 0.30390626192092896 0.02083333395421505 0.2984375059604645 0.02083333395421505 0.29765623807907104 0.02222222276031971 0.2945312559604645 0.02222222276031971 0.29374998807907104 0.02361111156642437 0.29296875 0.02361111156642437 0.29218751192092896 0.02500000037252903 0.2906250059604645 0.02500000037252903 0.2874999940395355 0.03055555559694767 0.2874999940395355 0.04027777910232544 0.28828126192092896 0.0416666679084301 0.28828126192092896 0.04583333432674408 0.2890625 0.04722222313284874 0.2890625 0.0486111119389534 0.28984373807907104 0.05000000074505806 0.28984373807907104 0.05277777835726738 0.2906250059604645 0.05416666716337204 0.2906250059604645 0.0555555559694767 0.29218751192092896 0.05833333358168602 0.29218751192092896 0.05972222238779068 0.2992187440395355 0.07222222536802292 0.2992187440395355 0.07361111044883728 0.30078125 0.0763888880610466 0.30156248807907104 0.0763888880610466 0.3031249940395355 0.07916666567325592 0.30390626192092896 0.07916666567325592 0.3046875 0.08055555820465088 0.30546873807907104 0.08055555820465088 0.3062500059604645 0.08194444328546524 0.30937498807907104 0.08194444328546524 0.3101562559604645 0.0833333358168602 0.3125 0.0833333358168602 0.31328123807907104 0.08472222089767456 0.3257812559604645 0.08472222089767456 0.3265624940395355 0.0833333358168602 0.328125 0.0833333358168602 0.32890623807907104 0.08194444328546524 0.3296875059604645 0.08194444328546524 0.33281248807907104 0.0763888880610466 0.3335937559604645 0.0763888880610466 0.3359375 0.07222222536802292 0.3359375 0.07083333283662796 0.33671873807907104 0.0694444477558136 0.33671873807907104 0.06805555522441864 0.3382812440395355 0.06527777761220932 0.3382812440395355 0.06111111119389534 0.33906251192092896 0.05972222238779068 0.33906251192092896 0.0555555559694767 0.33984375 0.05416666716337204 0.33984375 0.04305555671453476 0.34062498807907104 0.0416666679084301 0.34062498807907104 0.03611111268401146 0.33984375 0.0347222238779068 0.33984375 0.02916666679084301 0.33906251192092896 0.02777777798473835 0.33906251192092896 0.02500000037252903 0.3382812440395355 0.02361111156642437 0.3382812440395355 0.012500000186264515 0.3375000059604645 0.011111111380159855 0.3375000059604645 0.009722222574055195 0.3359375 0.0069444444961845875 0.33515626192092896 0.0069444444961845875 0.3343749940395355 0.0055555556900799274 0.33203125 0.0055555556900799274 0.33125001192092896 0.004166666883975267 0.328125 0.004166666883975267 0.32734376192092896 0.0027777778450399637 0.32734376192092896 0.0
47 0.586718738079071 0.3152777850627899 0.5859375 0.3166666626930237 0.5835937261581421 0.3166666626930237 0.58203125 0.3194444477558136 0.581250011920929 0.3194444477558136 0.5804687738418579 0.32083332538604736 0.5796874761581421 0.32083332538604736 0.57421875 0.3305555582046509 0.57421875 0.33194443583488464 0.573437511920929 0.3333333432674408 0.573437511920929 0.33472222089767456 0.5726562738418579 0.3361110985279083 0.5726562738418579 0.3375000059604645 0.5718749761581421 0.33888888359069824 0.5718749761581421 0.3402777910232544 0.571093738079071 0.34166666865348816 0.571093738079071 0.3444444537162781 0.5703125 0.34583333134651184 0.5703125 0.3499999940395355 0.569531261920929 0.3513889014720917 0.569531261920929 0.3722222149372101 0.5703125 0.37361112236976624 0.5703125 0.375 0.5718749761581421 0.3777777850627899 0.5718749761581421 0.3847222328186035 0.5703125 0.38749998807907104 0.5703125 0.3888888955116272 0.5687500238418579 0.3916666805744171 0.5687500238418579 0.3930555582046509 0.5679687261581421 0.39444443583488464 0.5679687261581421 0.4055555462837219 0.569531261920929 0.40833333134651184 0.569531261920929 0.4097222089767456 0.571093738079071 0.4124999940395355 0.571093738079071 0.4138889014720917 0.5757812261581421 0.42222222685813904 0.5765625238418579 0.42222222685813904 0.577343761920929 0.4236111044883728 0.578125 0.4236111044883728 0.5796874761581421 0.4263888895511627 0.5882812738418579 0.4263888895511627 0.589062511920929 0.4277777671813965 0.590624988079071 0.4277777671813965 0.5914062261581421 0.42916667461395264 0.592968761920929 0.42916667461395264 0.59375 0.4277777671813965 0.598437488079071 0.4277777671813965 0.5992187261581421 0.4263888895511627 0.6031249761581421 0.4263888895511627 0.6039062738418579 0.42500001192092896 0.604687511920929 0.42500001192092896 0.60546875 0.4236111044883728 0.6070312261581421 0.4236111044883728 0.6078125238418579 0.42222222685813904 0.609375 0.42222222685813904 0.610156238079071 0.4208333194255829 0.6117187738418579 0.4208333194255829 0.612500011920929 0.4194444417953491 0.61328125 0.4194444417953491 0.614062488079071 0.41805556416511536 0.6148437261581421 0.41805556416511536 0.6148437261581421 0.4166666567325592 0.6171875 0.4124999940395355 0.6171875 0.41111111640930176 0.617968738079071 0.4097222089767456 0.617968738079071 0.40833333134651184 0.6195312738418579 0.4055555462837219 0.6195312738418579 0.4027777910232544 0.620312511920929 0.40138888359069824 0.620312511920929 0.3916666805744171 0.62109375 0.39027777314186096 0.62109375 0.37638887763023376 0.620312511920929 0.375 0.6195312738418579 0.375 0.6187499761581421 0.37361112236976624 0.617968738079071 0.37361112236976624 0.6171875 0.3722222149372101 0.616406261920929 0.3722222149372101 0.6148437261581421 0.36944442987442017 0.614062488079071 0.36944442987442017 0.6109374761581421 0.3638888895511627 0.609375 0.3638888895511627 0.608593761920929 0.36250001192092896 0.602343738079071 0.36250001192092896 0.6015625 0.3638888895511627 0.6000000238418579 0.3638888895511627 0.598437488079071 0.36666667461395264 0.59765625 0.36666667461395264 0.5960937738418579 0.36944442987442017 0.5953124761581421 0.36944442987442017 0.59375 0.3722222149372101 0.592968761920929 0.3722222149372101 0.590624988079071 0.37638887763023376 0.58984375 0.37638887763023376 0.589062511920929 0.3777777850627899 0.589062511920929 0.3791666626930237 0.5882812738418579 0.38055557012557983 0.5874999761581421 0.38055557012557983 0.586718738079071 0.3819444477558136 0.5859375 0.3819444477558136 0.5843750238418579 0.3847222328186035 0.582812488079071 0.3847222328186035 0.58203125 0.3861111104488373 0.5796874761581421 0.3861111104488373 0.578906238079071 0.38749998807907104 0.577343761920929 0.38749998807907104 0.5765625238418579 0.3888888955116272 0.57421875 0.3888888955116272 0.573437511920929 0.38749998807907104 0.5726562738418579 0.38749998807907104 0.5718749761581421 0.3861111104488373 0.5718749761581421 0.3777777850627899 0.5726562738418579 0.37638887763023376 0.5726562738418579 0.375 0.573437511920929 0.37361112236976624 0.573437511920929 0.3722222149372101 0.57421875 0.3708333373069763 0.57421875 0.3652777671813965 0.574999988079071 0.3638888895511627 0.574999988079071 0.3611111044883728 0.577343761920929 0.3569444417953491 0.578125 0.3569444417953491 0.578125 0.35555556416511536 0.578906238079071 0.3541666567325592 0.578906238079071 0.35277777910232544 0.58203125 0.3472222089767456 0.582812488079071 0.3472222089767456 0.5835937261581421 0.34583333134651184 0.5843750238418579 0.34583333134651184 0.5859375 0.3430555462837219 0.586718738079071 0.3430555462837219 0.586718738079071 0.34166666865348816 0.5882812738418579 0.33888888359069824 0.589062511920929 0.33888888359069824 0.58984375 0.3375000059604645 0.590624988079071 0.3375000059604645 0.5914062261581421 0.3361110985279083 0.5921875238418579 0.3361110985279083 0.592968761920929 0.33472222089767456 0.59375 0.33472222089767456 0.594531238079071 0.3333333432674408 0.5960937738418579 0.3333333432674408 0.596875011920929 0.33194443583488464 0.5992187261581421 0.33194443583488464 0.6000000238418579 0.3305555582046509 0.600781261920929 0.3305555582046509 0.6015625 0.3291666805744171 0.6031249761581421 0.3291666805744171 0.6031249761581421 0.3263888955116272 0.6039062738418579 0.32499998807907104 0.6039062738418579 0.3236111104488373 0.604687511920929 0.3222222328186035 0.60546875 0.3222222328186035 0.604687511920929 0.3222222328186035 0.602343738079071 0.31805557012557983 0.600781261920929 0.31805557012557983 0.6000000238418579 0.3166666626930237 0.598437488079071 0.3166666626930237 0.59765625 0.3152777850627899
47 0.910937488079071 0.4555555582046509 0.91015625 0.45694443583488464 0.91015625 0.4583333432674408 0.909375011920929 0.45972222089767456 0.909375011920929 0.46388888359069824 0.9085937738418579 0.4652777910232544 0.9085937738418579 0.46666666865348816 0.9078124761581421 0.4680555462837219 0.9078124761581421 0.47083333134651184 0.907031238079071 0.4722222089767456 0.907031238079071 0.4749999940395355 0.90625 0.4763889014720917 0.90625 0.47777777910232544 0.90234375 0.48472222685813904 0.901562511920929 0.48472222685813904 0.9007812738418579 0.4861111044883728 0.8999999761581421 0.4861111044883728 0.899218738079071 0.48750001192092896 0.8984375 0.48750001192092896 0.897656261920929 0.4888888895511627 0.8960937261581421 0.4888888895511627 0.8929687738418579 0.49444442987442017 0.8929687738418579 0.49861112236976624 0.893750011920929 0.5 0.893750011920929 0.5013889074325562 0.89453125 0.5027777552604675 0.89453125 0.5041666626930237 0.8960937261581421 0.5069444179534912 0.8968750238418579 0.5069444179534912 0.897656261920929 0.5083333253860474 0.8984375 0.5083333253860474 0.899218738079071 0.5097222328186035 0.9007812738418579 0.5097222328186035 0.901562511920929 0.5111111402511597 0.903124988079071 0.5111111402511597 0.9039062261581421 0.512499988079071 0.905468761920929 0.512499988079071 0.90625 0.5138888955116272 0.907031238079071 0.5138888955116272 0.9078124761581421 0.5152778029441833 0.910937488079071 0.5152778029441833 0.9117187261581421 0.5166666507720947 0.9203125238418579 0.5166666507720947 0.921093761920929 0.5152778029441833 0.921875 0.5152778029441833 0.922656238079071 0.5138888955116272 0.922656238079071 0.5111111402511597 0.9234374761581421 0.5097222328186035 0.9234374761581421 0.5083333253860474 0.922656238079071 0.5069444179534912 0.922656238079071 0.5027777552604675 0.9234374761581421 0.5013889074325562 0.9234374761581421 0.49861112236976624 0.9242187738418579 0.4972222149372101 0.9242187738418579 0.49166667461395264 0.925000011920929 0.4902777671813965 0.925000011920929 0.48750001192092896 0.9242187738418579 0.4861111044883728 0.9242187738418579 0.4763889014720917 0.9234374761581421 0.4749999940395355 0.9234374761581421 0.4722222089767456 0.921875 0.4694444537162781 0.921875 0.46388888359069824 0.921093761920929 0.4625000059604645 0.921093761920929 0.4611110985279083 0.9203125238418579 0.45972222089767456 0.9195312261581421 0.45972222089767456 0.918749988079071 0.4583333432674408 0.91796875 0.4583333432674408 0.917187511920929 0.45694443583488464 0.9164062738418579 0.45694443583488464 0.9156249761581421 0.4555555582046509
47 0.5640624761581421 0.40416666865348816 0.559374988079071 0.4124999940395355 0.55859375 0.4124999940395355 0.5570312738418579 0.41527777910232544 0.5562499761581421 0.41527777910232544 0.555468738079071 0.4166666567325592 0.5546875 0.4166666567325592 0.5531250238418579 0.4194444417953491 0.551562488079071 0.4194444417953491 0.55078125 0.4208333194255829 0.550000011920929 0.4208333194255829 0.5492187738418579 0.42222222685813904 0.5453125238418579 0.42222222685813904 0.5445312261581421 0.4236111044883728 0.538281261920929 0.4236111044883728 0.5375000238418579 0.42500001192092896 0.5335937738418579 0.42500001192092896 0.5328124761581421 0.4236111044883728 0.528124988079071 0.4236111044883728 0.526562511920929 0.4263888895511627 0.526562511920929 0.4277777671813965 0.5257812738418579 0.42916667461395264 0.5257812738418579 0.4333333373069763 0.5249999761581421 0.4347222149372101 0.5249999761581421 0.4444444477558136 0.5257812738418579 0.4444444477558136 0.526562511920929 0.44583332538604736 0.5296875238418579 0.44583332538604736 0.530468761920929 0.4444444477558136 0.534375011920929 0.4444444477558136 0.53515625 0.44583332538604736 0.5375000238418579 0.44583332538604736 0.538281261920929 0.4472222328186035 0.5390625 0.4472222328186035 0.539843738079071 0.4486111104488373 0.5406249761581421 0.4486111104488373 0.5414062738418579 0.44999998807907104 0.542187511920929 0.44999998807907104 0.54296875 0.4513888955116272 0.543749988079071 0.4513888955116272 0.5453125238418579 0.4541666805744171 0.5453125238418579 0.4611110985279083 0.5445312261581421 0.4625000059604645 0.543749988079071 0.4625000059604645 0.54296875 0.4611110985279083 0.539843738079071 0.4611110985279083 0.5375000238418579 0.4652777910232544 0.5375000238418579 0.46666666865348816 0.5367187261581421 0.4680555462837219 0.5375000238418579 0.4680555462837219 0.538281261920929 0.4694444537162781 0.5390625 0.4694444537162781 0.5406249761581421 0.4722222089767456 0.5414062738418579 0.4722222089767456 0.54296875 0.4749999940395355 0.543749988079071 0.4749999940395355 0.5445312261581421 0.4763889014720917 0.546093761920929 0.4763889014720917 0.546875 0.47777777910232544 0.5492187738418579 0.47777777910232544 0.550000011920929 0.4791666567325592 0.551562488079071 0.4791666567325592 0.5523437261581421 0.48055556416511536 0.555468738079071 0.48055556416511536 0.5562499761581421 0.4819444417953491 0.5570312738418579 0.48055556416511536 0.557812511920929 0.48055556416511536 0.55859375 0.4791666567325592 0.5609375238418579 0.4791666567325592 0.561718761920929 0.47777777910232544 0.563281238079071 0.47777777910232544 0.5640624761581421 0.4763889014720917 0.5648437738418579 0.4763889014720917 0.565625011920929 0.4749999940395355 0.567187488079071 0.4749999940395355 0.5679687261581421 0.47361111640930176 0.5687500238418579 0.47361111640930176 0.5718749761581421 0.4680555462837219 0.5726562738418579 0.4680555462837219 0.5726562738418579 0.46666666865348816 0.57421875 0.46388888359069824 0.57421875 0.4625000059604645 0.574999988079071 0.4611110985279083 0.574999988079071 0.45694443583488464 0.5757812261581421 0.4555555582046509 0.5757812261581421 0.4513888955116272 0.5765625238418579 0.44999998807907104 0.5765625238418579 0.4444444477558136 0.577343761920929 0.44305557012557983 0.577343761920929 0.4416666626930237 0.578125 0.4402777850627899 0.578125 0.43888887763023376 0.578906238079071 0.4375 0.578906238079071 0.4347222149372101 0.5796874761581421 0.4333333373069763 0.578906238079071 0.43194442987442017 0.578906238079071 0.4277777671813965 0.577343761920929 0.42500001192092896 0.5765625238418579 0.42500001192092896 0.5679687261581421 0.4097222089767456 0.5679687261581421 0.40833333134651184 0.567187488079071 0.40833333134651184 0.5648437738418579 0.40416666865348816
47 0.9117187261581421 0.45972222089767456 0.9117187261581421 0.4611110985279083 0.910937488079071 0.4625000059604645 0.910937488079071 0.4652777910232544 0.91015625 0.46666666865348816 0.91015625 0.4694444537162781 0.910937488079071 0.47083333134651184 0.910937488079071 0.4722222089767456 0.9117187261581421 0.47361111640930176 0.9125000238418579 0.47361111640930176 0.9156249761581421 0.4680555462837219 0.9164062738418579 0.4694444537162781 0.918749988079071 0.4694444537162781 0.9203125238418579 0.4722222089767456 0.9203125238418579 0.47361111640930176 0.921875 0.4763889014720917 0.921875 0.47777777910232544 0.922656238079071 0.4791666567325592 0.922656238079071 0.48055556416511536 0.9234374761581421 0.4819444417953491 0.9234374761581421 0.4902777671813965 0.922656238079071 0.49166667461395264 0.922656238079071 0.49444442987442017 0.921875 0.4958333373069763 0.921875 0.4972222149372101 0.9164062738418579 0.5069444179534912 0.9156249761581421 0.5069444179534912 0.9156249761581421 0.5083333253860474 0.914843738079071 0.5097222328186035 0.914843738079071 0.5138888955116272 0.9156249761581421 0.5152778029441833 0.9156249761581421 0.5166666507720947 0.926562488079071 0.5166666507720947 0.9273437261581421 0.5152778029441833 0.928906261920929 0.5152778029441833 0.9296875 0.5138888955116272 0.9312499761581421 0.5138888955116272 0.9320312738418579 0.512499988079071 0.932812511920929 0.512499988079071 0.93359375 0.5111111402511597 0.934374988079071 0.5111111402511597 0.9351562261581421 0.5097222328186035 0.9390624761581421 0.5097222328186035 0.9390624761581421 0.5041666626930237 0.9398437738418579 0.5027777552604675 0.9398437738418579 0.4972222149372101 0.940625011920929 0.4958333373069763 0.9398437738418579 0.49444442987442017 0.9398437738418579 0.48750001192092896 0.9390624761581421 0.4861111044883728 0.9390624761581421 0.48055556416511536 0.938281238079071 0.4791666567325592 0.938281238079071 0.47777777910232544 0.9375 0.4763889014720917 0.9375 0.4749999940395355 0.9359375238418579 0.4722222089767456 0.9359375238418579 0.47083333134651184 0.932812511920929 0.4652777910232544 0.9320312738418579 0.4652777910232544 0.9312499761581421 0.46388888359069824 0.930468738079071 0.46388888359069824 0.9296875 0.4625000059604645 0.928906261920929 0.4625000059604645 0.9281250238418579 0.4611110985279083 0.925000011920929 0.4611110985279083 0.9242187738418579 0.45972222089767456
47 0.47343748807907104 0.25833332538604736 0.47265625 0.2597222328186035 0.4703125059604645 0.2597222328186035 0.46953123807907104 0.2611111104488373 0.4671874940395355 0.2611111104488373 0.4664062559604645 0.26249998807907104 0.4625000059604645 0.26249998807907104 0.46171873807907104 0.2638888955116272 0.4609375 0.2638888955116272 0.46015626192092896 0.26527777314186096 0.4585937559604645 0.26527777314186096 0.45781248807907104 0.2666666805744171 0.45625001192092896 0.2666666805744171 0.4554687440395355 0.2680555582046509 0.4546875059604645 0.2680555582046509 0.453125 0.2708333432674408 0.45234376192092896 0.2708333432674408 0.45234376192092896 0.27222222089767456 0.4507812559604645 0.2750000059604645 0.44999998807907104 0.2750000059604645 0.44843751192092896 0.2777777910232544 0.4476562440395355 0.2777777910232544 0.4468750059604645 0.27916666865348816 0.4468750059604645 0.2805555462837219 0.44453126192092896 0.2847222089767456 0.44453126192092896 0.28611111640930176 0.44218748807907104 0.29027777910232544 0.44140625 0.29027777910232544 0.4398437440395355 0.29305556416511536 0.4398437440395355 0.2944444417953491 0.4375 0.2986111044883728 0.4375 0.30000001192092896 0.43671876192092896 0.3013888895511627 0.43671876192092896 0.30416667461395264 0.4359374940395355 0.3055555522441864 0.4359374940395355 0.3083333373069763 0.4351562559604645 0.3097222149372101 0.4351562559604645 0.3152777850627899 0.4359374940395355 0.3166666626930237 0.44062501192092896 0.3166666626930237 0.44140625 0.3152777850627899 0.44218748807907104 0.3152777850627899 0.4429687559604645 0.31388887763023376 0.4437499940395355 0.31388887763023376 0.44453126192092896 0.3125 0.4453125 0.3125 0.44609373807907104 0.31111112236976624 0.453125 0.31111112236976624 0.45390623807907104 0.3097222149372101 0.4546875059604645 0.3097222149372101 0.4554687440395355 0.31111112236976624 0.4593749940395355 0.31111112236976624 0.46015626192092896 0.3097222149372101 0.4609375 0.3097222149372101 0.4625000059604645 0.30694442987442017 0.46406251192092896 0.30694442987442017 0.46484375 0.3055555522441864 0.4671874940395355 0.3055555522441864 0.46796876192092896 0.30416667461395264 0.46875 0.30416667461395264 0.4703125059604645 0.3013888895511627 0.4710937440395355 0.3013888895511627 0.47187501192092896 0.30000001192092896 0.47265625 0.30000001192092896 0.47343748807907104 0.2986111044883728 0.4742187559604645 0.2986111044883728 0.4749999940395355 0.29722222685813904 0.47734373807907104 0.29722222685813904 0.4781250059604645 0.2958333194255829 0.4789062440395355 0.29722222685813904 0.48046875 0.29722222685813904 0.48124998807907104 0.2986111044883728 0.4820312559604645 0.2986111044883728 0.48359376192092896 0.3013888895511627 0.4749999940395355 0.3166666626930237 0.4742187559604645 0.3166666626930237 0.47343748807907104 0.31805557012557983 0.4710937440395355 0.31805557012557983 0.4703125059604645 0.3194444477558136 0.46796876192092896 0.3194444477558136 0.4671874940395355 0.32083332538604736 0.46406251192092896 0.32083332538604736 0.4632812440395355 0.3194444477558136 0.4625000059604645 0.3194444477558136 0.46171873807907104 0.32083332538604736 0.4593749940395355 0.32083332538604736 0.4585937559604645 0.3222222328186035 0.45781248807907104 0.3222222328186035 0.45703125 0.3236111104488373 0.4554687440395355 0.3236111104488373 0.4546875059604645 0.32499998807907104 0.45390623807907104 0.32499998807907104 0.45234376192092896 0.32777777314186096 0.4515624940395355 0.32777777314186096 0.44999998807907104 0.3305555582046509 0.44921875 0.3305555582046509 0.44843751192092896 0.33194443583488464 0.4476562440395355 0.33194443583488464 0.4468750059604645 0.3333333432674408 0.44609373807907104 0.3333333432674408 0.44453126192092896 0.3361110985279083 0.44453126192092896 0.34166666865348816 0.4437499940395355 0.3430555462837219 0.44609373807907104 0.3472222089767456 0.44609373807907104 0.34861111640930176 0.4468750059604645 0.3499999940395355 0.4476562440395355 0.3499999940395355 0.44921875 0.35277777910232544 0.44999998807907104 0.35277777910232544 0.4507812559604645 0.3541666567325592 0.4515624940395355 0.3541666567325592 0.453125 0.3569444417953491 0.45390623807907104 0.3569444417953491 0.4546875059604645 0.3583333194255829 0.45781248807907104 0.3583333194255829 0.4585937559604645 0.35972222685813904 0.4593749940395355 0.3583333194255829 0.4609375 0.3583333194255829 0.4625000059604645 0.35555556416511536 0.46484375 0.35555556416511536 0.46562498807907104 0.3541666567325592 0.46953123807907104 0.3541666567325592 0.4703125059604645 0.35277777910232544 0.4710937440395355 0.35277777910232544 0.47734373807907104 0.34166666865348816 0.47734373807907104 0.33888888359069824 0.4789062440395355 0.3361110985279083 0.4789062440395355 0.3291666805744171 0.48124998807907104 0.32499998807907104 0.4820312559604645 0.32499998807907104 0.4828124940395355 0.3236111104488373 0.48359376192092896 0.3236111104488373 0.484375 0.3222222328186035 0.48515623807907104 0.3222222328186035 0.4867187440395355 0.3194444477558136 0.4867187440395355 0.31805557012557983 0.48828125 0.3152777850627899 0.48828125 0.3125 0.4898437559604645 0.3097222149372101 0.4898437559604645 0.30694442987442017 0.4906249940395355 0.3055555522441864 0.4906249940395355 0.30416667461395264 0.49140626192092896 0.3027777671813965 0.49140626192092896 0.2944444417953491 0.4906249940395355 0.29305556416511536 0.4906249940395355 0.2916666567325592 0.4898437559604645 0.29027777910232544 0.4898437559604645 0.28611111640930176 0.48906248807907104 0.2847222089767456 0.48906248807907104 0.28333333134651184 0.48828125 0.2819444537162781 0.48828125 0.2805555462837219 0.48750001192092896 0.27916666865348816 0.48750001192092896 0.2777777910232544 0.4867187440395355 0.27638888359069824 0.4867187440395355 0.2750000059604645 0.484375 0.2708333432674408 0.484375 0.26944443583488464 0.4828124940395355 0.2666666805744171 0.4828124940395355 0.26527777314186096 0.48124998807907104 0.26249998807907104 0.48046875 0.26249998807907104 0.47968751192092896 0.2611111104488373 0.4781250059604645 0.2611111104488373 0.47734373807907104 0.2597222328186035 0.47578126192092896 0.2597222328186035 0.4749999940395355 0.25833332538604736
47 0.893750011920929 0.37361112236976624 0.8929687738418579 0.375 0.8921874761581421 0.375 0.891406238079071 0.37638887763023376 0.889843761920929 0.37638887763023376 0.8890625238418579 0.3777777850627899 0.887499988079071 0.3777777850627899 0.885937511920929 0.38055557012557983 0.8851562738418579 0.38055557012557983 0.883593738079071 0.38333332538604736 0.8828125 0.38333332538604736 0.8812500238418579 0.3861111104488373 0.8812500238418579 0.38749998807907104 0.8804687261581421 0.3888888955116272 0.8804687261581421 0.39027777314186096 0.879687488079071 0.3916666805744171 0.879687488079071 0.3930555582046509 0.8804687261581421 0.39444443583488464 0.8804687261581421 0.3986110985279083 0.891406238079071 0.3986110985279083 0.8921874761581421 0.39722222089767456 0.9007812738418579 0.39722222089767456 0.901562511920929 0.3986110985279083 0.909375011920929 0.3986110985279083 0.909375011920929 0.39722222089767456 0.91015625 0.3958333432674408 0.91015625 0.39027777314186096 0.909375011920929 0.3888888955116272 0.909375011920929 0.3861111104488373 0.9078124761581421 0.38333332538604736 0.9078124761581421 0.3819444477558136 0.9046875238418579 0.37638887763023376 0.9039062261581421 0.37638887763023376 0.903124988079071 0.375 0.90234375 0.375 0.901562511920929 0.37361112236976624
47 0.8296874761581421 0.09444444626569748 0.828906238079071 0.09583333134651184 0.8265625238418579 0.09583333134651184 0.8257812261581421 0.0972222238779068 0.82421875 0.0972222238779068 0.823437511920929 0.09861110895872116 0.8226562738418579 0.09861110895872116 0.8218749761581421 0.10000000149011612 0.821093738079071 0.10000000149011612 0.8203125 0.10138888657093048 0.8203125 0.10277777910232544 0.8187500238418579 0.10555555671453476 0.8187500238418579 0.10694444179534912 0.811718761920929 0.11944444477558136 0.8109375238418579 0.11944444477558136 0.809374988079071 0.12222222238779068 0.809374988079071 0.12361110746860504 0.80859375 0.125 0.80859375 0.12638889253139496 0.807812511920929 0.12777778506278992 0.807812511920929 0.13055555522441864 0.8070312738418579 0.1319444477558136 0.8070312738418579 0.14166666567325592 0.80859375 0.14444445073604584 0.80859375 0.1458333283662796 0.809374988079071 0.1458333283662796 0.8101562261581421 0.14722222089767456 0.81640625 0.14722222089767456 0.817187488079071 0.1458333283662796 0.8304687738418579 0.1458333283662796 0.831250011920929 0.14444445073604584 0.84375 0.14444445073604584 0.844531238079071 0.1458333283662796 0.84765625 0.1458333283662796 0.848437488079071 0.14722222089767456 0.8531249761581421 0.14722222089767456 0.854687511920929 0.14444445073604584 0.85546875 0.14444445073604584 0.8570312261581421 0.14166666567325592 0.8570312261581421 0.14027777314186096 0.8578125238418579 0.1388888955116272 0.8578125238418579 0.13611111044883728 0.858593761920929 0.13472221791744232 0.858593761920929 0.13333334028720856 0.859375 0.1319444477558136 0.859375 0.12916666269302368 0.860156238079071 0.12777778506278992 0.860156238079071 0.12083332985639572 0.859375 0.11944444477558136 0.859375 0.11666666716337204 0.858593761920929 0.11527777463197708 0.858593761920929 0.11388888955116272 0.8539062738418579 0.10555555671453476 0.8531249761581421 0.10555555671453476 0.852343738079071 0.1041666641831398 0.8515625 0.1041666641831398 0.8500000238418579 0.10138888657093048 0.8492187261581421 0.10138888657093048 0.848437488079071 0.10000000149011612 0.84765625 0.10000000149011612 0.846875011920929 0.09861110895872116 0.8460937738418579 0.09861110895872116 0.8453124761581421 0.0972222238779068 0.84375 0.0972222238779068 0.842968761920929 0.09583333134651184 0.8374999761581421 0.09583333134651184 0.836718738079071 0.09444444626569748
47 0.21875 0.0055555556900799274 0.21796874701976776 0.0069444444961845875 0.21640625596046448 0.0069444444961845875 0.21562500298023224 0.008333333767950535 0.21406249701976776 0.008333333767950535 0.21328124403953552 0.009722222574055195 0.21250000596046448 0.009722222574055195 0.21250000596046448 0.011111111380159855 0.20937499403953552 0.01666666753590107 0.20781250298023224 0.01666666753590107 0.20703125 0.01805555634200573 0.20546874403953552 0.01805555634200573 0.20468750596046448 0.01944444514811039 0.20390625298023224 0.01944444514811039 0.203125 0.02083333395421505 0.20234374701976776 0.02083333395421505 0.20078125596046448 0.02361111156642437 0.20078125596046448 0.02916666679084301 0.20000000298023224 0.03055555559694767 0.20078125596046448 0.03194444626569748 0.20078125596046448 0.03611111268401146 0.20156249403953552 0.03750000149011612 0.20156249403953552 0.04027777910232544 0.20234374701976776 0.0416666679084301 0.20234374701976776 0.04444444552063942 0.203125 0.04583333432674408 0.203125 0.04722222313284874 0.20390625298023224 0.0486111119389534 0.20390625298023224 0.05138888955116272 0.20468750596046448 0.05277777835726738 0.20468750596046448 0.05416666716337204 0.20624999701976776 0.05694444477558136 0.20624999701976776 0.05833333358168602 0.20859375596046448 0.0625 0.20937499403953552 0.0625 0.2109375 0.06527777761220932 0.21171875298023224 0.06527777761220932 0.21250000596046448 0.06666667014360428 0.21796874701976776 0.06666667014360428 0.21875 0.06527777761220932 0.22187499701976776 0.06527777761220932 0.22265625 0.06388889253139496 0.22421875596046448 0.06388889253139496 0.22499999403953552 0.0625 0.22578124701976776 0.0625 0.2265625 0.06111111119389534 0.22734375298023224 0.06111111119389534 0.22812500596046448 0.05972222238779068 0.22890624403953552 0.05972222238779068 0.23046875 0.05694444477558136 0.23125000298023224 0.05694444477558136 0.23203125596046448 0.0555555559694767 0.23203125596046448 0.05416666716337204 0.23281249403953552 0.05277777835726738 0.23281249403953552 0.05138888955116272 0.23359374701976776 0.05000000074505806 0.23359374701976776 0.04722222313284874 0.234375 0.04583333432674408 0.234375 0.03888889029622078 0.23515625298023224 0.03750000149011612 0.234375 0.03611111268401146 0.234375 0.03055555559694767 0.23359374701976776 0.02916666679084301 0.23359374701976776 0.02638888917863369 0.23281249403953552 0.02500000037252903 0.23281249403953552 0.02361111156642437 0.23203125596046448 0.02222222276031971 0.23203125596046448 0.02083333395421505 0.23046875 0.01805555634200573 0.23046875 0.01666666753590107 0.2265625 0.009722222574055195 0.22578124701976776 0.009722222574055195 0.22499999403953552 0.008333333767950535 0.22421875596046448 0.008333333767950535 0.22343750298023224 0.0069444444961845875 0.22109374403953552 0.0069444444961845875 0.22031250596046448 0.0055555556900799274
47 0.17734375596046448 0.8500000238418579 0.17656250298023224 0.8513888716697693 0.171875 0.8513888716697693 0.17109374701976776 0.8527777791023254 0.17031249403953552 0.8527777791023254 0.16796875 0.8569444417953491 0.16796875 0.8611111044883728 0.16718749701976776 0.862500011920929 0.16718749701976776 0.8708333373069763 0.16796875 0.8722222447395325 0.16796875 0.8736110925674438 0.16875000298023224 0.875 0.16875000298023224 0.8763889074325562 0.16953125596046448 0.8777777552604675 0.17031249403953552 0.8777777552604675 0.17109374701976776 0.8791666626930237 0.171875 0.8791666626930237 0.17265625298023224 0.8805555701255798 0.17343750596046448 0.8805555701255798 0.17421874403953552 0.8819444179534912 0.17656250298023224 0.8819444179534912 0.17734375596046448 0.8833333253860474 0.17890624701976776 0.8833333253860474 0.1796875 0.8847222328186035 0.18046875298023224 0.8847222328186035 0.18125000596046448 0.8861111402511597 0.18203124403953552 0.8861111402511597 0.18359375 0.8888888955116272 0.18359375 0.8902778029441833 0.18515625596046448 0.8930555582046509 0.18515625596046448 0.894444465637207 0.18671874701976776 0.8972222208976746 0.18671874701976776 0.8999999761581421 0.1875 0.9013888835906982 0.1875 0.9027777910232544 0.18906250596046448 0.9055555462837219 0.18984374403953552 0.9055555462837219 0.19062499701976776 0.9069444537162781 0.19140625 0.9069444537162781 0.19296875596046448 0.9097222089767456 0.19687500596046448 0.9097222089767456 0.19765624403953552 0.9083333611488342 0.19843749701976776 0.9083333611488342 0.20000000298023224 0.9055555462837219 0.20000000298023224 0.9041666388511658 0.20078125596046448 0.9027777910232544 0.20078125596046448 0.9013888835906982 0.20156249403953552 0.8999999761581421 0.20156249403953552 0.8972222208976746 0.20234374701976776 0.8958333134651184 0.20234374701976776 0.887499988079071 0.203125 0.8861111402511597 0.203125 0.8791666626930237 0.20390625298023224 0.8777777552604675 0.20390625298023224 0.875 0.20468750596046448 0.8736110925674438 0.20468750596046448 0.8638888597488403 0.20078125596046448 0.8569444417953491 0.20000000298023224 0.8569444417953491 0.19921875 0.855555534362793 0.19765624403953552 0.855555534362793 0.19687500596046448 0.8541666865348816 0.19453124701976776 0.8541666865348816 0.19374999403953552 0.8527777791023254 0.19140625 0.8527777791023254 0.19062499701976776 0.8513888716697693 0.18828125298023224 0.8513888716697693 0.1875 0.8500000238418579
47 0.22031250596046448 0.0055555556900799274 0.21953125298023224 0.0069444444961845875 0.21875 0.0069444444961845875 0.21796874701976776 0.008333333767950535 0.21718749403953552 0.008333333767950535 0.21640625596046448 0.009722222574055195 0.21562500298023224 0.009722222574055195 0.21406249701976776 0.012500000186264515 0.21406249701976776 0.013888888992369175 0.21250000596046448 0.01666666753590107 0.21250000596046448 0.02083333395421505 0.21328124403953552 0.02222222276031971 0.21328124403953552 0.02638888917863369 0.21406249701976776 0.02777777798473835 0.21406249701976776 0.03333333507180214 0.21484375 0.0347222238779068 0.21484375 0.04583333432674408 0.21406249701976776 0.04722222313284874 0.21406249701976776 0.0486111119389534 0.21328124403953552 0.05000000074505806 0.21328124403953552 0.05277777835726738 0.21250000596046448 0.05416666716337204 0.21250000596046448 0.05972222238779068 0.21562500298023224 0.06527777761220932 0.22109374403953552 0.06527777761220932 0.22187499701976776 0.06388889253139496 0.22343750298023224 0.06388889253139496 0.22421875596046448 0.0625 0.22578124701976776 0.0625 0.2265625 0.06111111119389534 0.22734375298023224 0.06111111119389534 0.22812500596046448 0.05972222238779068 0.22890624403953552 0.05972222238779068 0.23046875 0.05694444477558136 0.23125000298023224 0.05694444477558136 0.23203125596046448 0.0555555559694767 0.23203125596046448 0.05416666716337204 0.23281249403953552 0.05277777835726738 0.23281249403953552 0.05138888955116272 0.23359374701976776 0.05000000074505806 0.23359374701976776 0.04722222313284874 0.234375 0.04583333432674408 0.234375 0.04027777910232544 0.23515625298023224 0.03888889029622078 0.23515625298023224 0.03750000149011612 0.234375 0.03611111268401146 0.234375 0.03194444626569748 0.23359374701976776 0.03055555559694767 0.23359374701976776 0.02638888917863369 0.23281249403953552 0.02500000037252903 0.23281249403953552 0.02361111156642437 0.23203125596046448 0.02222222276031971 0.23203125596046448 0.02083333395421505 0.23046875 0.01805555634200573 0.23046875 0.01666666753590107 0.2265625 0.009722222574055195 0.22578124701976776 0.009722222574055195 0.22499999403953552 0.008333333767950535 0.22421875596046448 0.008333333767950535 0.22343750298023224 0.0069444444961845875 0.22187499701976776 0.0069444444961845875 0.22109374403953552 0.0055555556900799274
