47 0.3648437559604645 0.2083333283662796 0.36406248807907104 0.20972222089767456 0.35859376192092896 0.20972222089767456 0.3578124940395355 0.21111111342906952 0.3539062440395355 0.21111111342906952 0.3531250059604645 0.21250000596046448 0.3515625 0.21250000596046448 0.3492187559604645 0.21666666865348816 0.3492187559604645 0.21805556118488312 0.34765625 0.22083333134651184 0.34765625 0.2222222238779068 0.34687501192092896 0.22361111640930176 0.34687501192092896 0.22499999403953552 0.3460937440395355 0.22638888657093048 0.3460937440395355 0.22777777910232544 0.3453125059604645 0.2291666716337204 0.3453125059604645 0.23055554926395416 0.34453123807907104 0.23194444179534912 0.34453123807907104 0.23472222685813904 0.34375 0.2361111044883728 0.34375 0.24722221493721008 0.34453123807907104 0.24861110746860504 0.34453123807907104 0.2541666626930237 0.3453125059604645 0.25555557012557983 0.3453125059604645 0.26527777314186096 0.3460937440395355 0.2666666805744171 0.3460937440395355 0.2805555462837219 0.34687501192092896 0.2819444537162781 0.34687501192092896 0.2847222089767456 0.34765625 0.28611111640930176 0.34765625 0.2874999940395355 0.34843748807907104 0.2874999940395355 0.3492187559604645 0.2888889014720917 0.3499999940395355 0.2888889014720917 0.35078126192092896 0.29027777910232544 0.3515625 0.29027777910232544 0.359375 0.30416667461395264 0.36015623807907104 0.30416667461395264 0.3609375059604645 0.3055555522441864 0.36250001192092896 0.3055555522441864 0.36328125 0.30694442987442017 0.3765625059604645 0.30694442987442017 0.3773437440395355 0.3055555522441864 0.37812501192092896 0.3055555522441864 0.37890625 0.30416667461395264 0.37968748807907104 0.30416667461395264 0.3804687559604645 0.3027777671813965 0.3812499940395355 0.3027777671813965 0.3828125 0.30000001192092896 0.38359373807907104 0.30000001192092896 0.3851562440395355 0.29722222685813904 0.38593751192092896 0.29722222685813904 0.38984376192092896 0.29027777910232544 0.390625 0.29027777910232544 0.3921875059604645 0.2874999940395355 0.3921875059604645 0.28333333134651184 0.39140623807907104 0.2819444537162781 0.39140623807907104 0.27916666865348816 0.390625 0.2777777910232544 0.38984376192092896 0.2777777910232544 0.3890624940395355 0.27638888359069824 0.3882812559604645 0.27638888359069824 0.38359373807907104 0.2680555582046509 0.38359373807907104 0.2666666805744171 0.3828125 0.26527777314186096 0.3828125 0.2638888955116272 0.3812499940395355 0.2611111104488373 0.3812499940395355 0.2597222328186035 0.37968748807907104 0.2569444477558136 0.37968748807907104 0.25555557012557983 0.37812501192092896 0.2527777850627899 0.37812501192092896 0.25138887763023376 0.3765625059604645 0.24861110746860504 0.3765625059604645 0.24722221493721008 0.37578123807907104 0.24583333730697632 0.37578123807907104 0.24444444477558136 0.375 0.2430555522441864 0.375 0.24027778208255768 0.37421876192092896 0.23888888955116272 0.37421876192092896 0.23472222685813904 0.3734374940395355 0.23333333432674408 0.3734374940395355 0.23194444179534912 0.3726562559604645 0.23055554926395416 0.3726562559604645 0.2291666716337204 0.37187498807907104 0.22777777910232544 0.37187498807907104 0.22638888657093048 0.37109375 0.22499999403953552 0.37109375 0.2222222238779068 0.37031251192092896 0.22083333134651184 0.37031251192092896 0.21805556118488312 0.3695312440395355 0.21666666865348816 0.3695312440395355 0.2152777761220932 0.3687500059604645 0.21388888359069824 0.3687500059604645 0.21250000596046448 0.36796873807907104 0.21111111342906952 0.3671875 0.21111111342906952 0.36640626192092896 0.20972222089767456 0.3656249940395355 0.20972222089767456
47 0.46406251192092896 0.5722222328186035 0.46171873807907104 0.5763888955116272 0.46171873807907104 0.5791666507720947 0.4585937559604645 0.5847222208976746 0.4585937559604645 0.5861111283302307 0.4554687440395355 0.5916666388511658 0.4546875059604645 0.5916666388511658 0.4546875059604645 0.5930555462837219 0.44843751192092896 0.6041666865348816 0.44843751192092896 0.605555534362793 0.44609373807907104 0.6097221970558167 0.44609373807907104 0.6111111044883728 0.4453125 0.612500011920929 0.4453125 0.6138888597488403 0.44453126192092896 0.6152777671813965 0.44453126192092896 0.6180555820465088 0.4437499940395355 0.6194444298744202 0.4437499940395355 0.6208333373069763 0.4429687559604645 0.6222222447395325 0.4429687559604645 0.6236110925674438 0.44218748807907104 0.625 0.44218748807907104 0.6305555701255798 0.44140625 0.6319444179534912 0.44140625 0.6458333134651184 0.44218748807907104 0.6472222208976746 0.44218748807907104 0.6499999761581421 0.4429687559604645 0.6513888835906982 0.4429687559604645 0.6541666388511658 0.4437499940395355 0.6555555462837219 0.4437499940395355 0.6569444537162781 0.44453126192092896 0.6583333611488342 0.44453126192092896 0.6597222089767456 0.4453125 0.6611111164093018 0.4453125 0.6625000238418579 0.44609373807907104 0.6638888716697693 0.44609373807907104 0.6652777791023254 0.44921875 0.6708333492279053 0.44999998807907104 0.6708333492279053 0.4507812559604645 0.6722221970558167 0.45625001192092896 0.6722221970558167 0.45703125 0.6736111044883728 0.45781248807907104 0.6736111044883728 0.4593749940395355 0.6763888597488403 0.4593749940395355 0.6833333373069763 0.46015626192092896 0.6847222447395325 0.46015626192092896 0.6861110925674438 0.4632812440395355 0.6916666626930237 0.46562498807907104 0.6916666626930237 0.4664062559604645 0.6930555701255798 0.46953123807907104 0.6930555701255798 0.4703125059604645 0.6944444179534912 0.47343748807907104 0.6944444179534912 0.4742187559604645 0.6958333253860474 0.4749999940395355 0.6958333253860474 0.47578126192092896 0.6944444179534912 0.47968751192092896 0.6944444179534912 0.48046875 0.6930555701255798 0.48124998807907104 0.6930555701255798 0.4820312559604645 0.6916666626930237 0.4828124940395355 0.6916666626930237 0.484375 0.6888889074325562 0.484375 0.6875 0.48828125 0.6805555820465088 0.48828125 0.6791666746139526 0.48906248807907104 0.6777777671813965 0.48906248807907104 0.6763888597488403 0.4906249940395355 0.6736111044883728 0.4906249940395355 0.6722221970558167 0.49140626192092896 0.6708333492279053 0.49140626192092896 0.6694444417953491 0.4945312440395355 0.6638888716697693 0.4945312440395355 0.6625000238418579 0.500781238079071 0.6513888835906982 0.500781238079071 0.6499999761581421 0.5015624761581421 0.6486111283302307 0.5015624761581421 0.6416666507720947 0.5023437738418579 0.6402778029441833 0.5023437738418579 0.6333333253860474 0.5015624761581421 0.6319444179534912 0.5015624761581421 0.6291666626930237 0.500781238079071 0.6277777552604675 0.500781238079071 0.6236110925674438 0.5 0.6222222447395325 0.5 0.6194444298744202 0.49921876192092896 0.6180555820465088 0.49921876192092896 0.6166666746139526 0.4984374940395355 0.6152777671813965 0.4984374940395355 0.612500011920929 0.49687498807907104 0.6097221970558167 0.49687498807907104 0.6083333492279053 0.49531251192092896 0.605555534362793 0.49531251192092896 0.6041666865348816 0.4898437559604645 0.5944444537162781 0.48906248807907104 0.5944444537162781 0.48750001192092896 0.5916666388511658 0.4867187440395355 0.5916666388511658 0.4859375059604645 0.5902777910232544 0.48515623807907104 0.5902777910232544 0.484375 0.5888888835906982 0.48359376192092896 0.5888888835906982 0.4820312559604645 0.5861111283302307 0.48046875 0.5861111283302307 0.47968751192092896 0.5847222208976746 0.4781250059604645 0.5847222208976746 0.47734373807907104 0.5833333134651184 0.47343748807907104 0.5833333134651184 0.47265625 0.581944465637207 0.4710937440395355 0.581944465637207 0.4703125059604645 0.5805555582046509 0.46953123807907104 0.5805555582046509 0.46875 0.5791666507720947 0.46796876192092896 0.5791666507720947 0.4664062559604645 0.5763888955116272 0.4664062559604645 0.5722222328186035
47 0.547656238079071 0.6777777671813965 0.546875 0.6791666746139526 0.5445312261581421 0.6791666746139526 0.543749988079071 0.6805555820465088 0.542187511920929 0.6805555820465088 0.5414062738418579 0.6819444298744202 0.539843738079071 0.6819444298744202 0.5390625 0.6833333373069763 0.538281261920929 0.6833333373069763 0.5375000238418579 0.6847222447395325 0.5367187261581421 0.6847222447395325 0.5289062261581421 0.6986111402511597 0.5289062261581421 0.699999988079071 0.5249999761581421 0.706944465637207 0.5249999761581421 0.7083333134651184 0.5234375 0.7111111283302307 0.5234375 0.7138888835906982 0.522656261920929 0.7152777910232544 0.522656261920929 0.7319444417953491 0.5234375 0.7333333492279053 0.52734375 0.7333333492279053 0.528124988079071 0.7319444417953491 0.5367187261581421 0.7319444417953491 0.5375000238418579 0.7333333492279053 0.538281261920929 0.7333333492279053 0.5390625 0.7347221970558167 0.5406249761581421 0.7347221970558167 0.5414062738418579 0.7361111044883728 0.542187511920929 0.7361111044883728 0.54296875 0.737500011920929 0.5445312261581421 0.737500011920929 0.5453125238418579 0.7388888597488403 0.5453125238418579 0.7416666746139526 0.543749988079071 0.7444444298744202 0.54296875 0.7444444298744202 0.542187511920929 0.7458333373069763 0.5406249761581421 0.7458333373069763 0.539843738079071 0.7472222447395325 0.538281261920929 0.7472222447395325 0.5375000238418579 0.7486110925674438 0.5335937738418579 0.7486110925674438 0.5328124761581421 0.75 0.532031238079071 0.75 0.530468761920929 0.7527777552604675 0.5296875238418579 0.7527777552604675 0.5289062261581421 0.7541666626930237 0.5289062261581421 0.7555555701255798 0.528124988079071 0.7569444179534912 0.528124988079071 0.7583333253860474 0.52734375 0.7597222328186035 0.52734375 0.7666666507720947 0.532031238079071 0.7749999761581421 0.5328124761581421 0.7749999761581421 0.534375011920929 0.7777777910232544 0.53515625 0.7777777910232544 0.5375000238418579 0.7819444537162781 0.538281261920929 0.7819444537162781 0.5390625 0.7833333611488342 0.539843738079071 0.7833333611488342 0.5406249761581421 0.7847222089767456 0.5570312738418579 0.7847222089767456 0.557812511920929 0.7833333611488342 0.5640624761581421 0.7833333611488342 0.5648437738418579 0.7819444537162781 0.5679687261581421 0.7819444537162781 0.569531261920929 0.7791666388511658 0.5703125 0.7791666388511658 0.571093738079071 0.7777777910232544 0.5718749761581421 0.7777777910232544 0.5726562738418579 0.7763888835906982 0.573437511920929 0.7763888835906982 0.578125 0.7680555582046509 0.578125 0.7666666507720947 0.578906238079071 0.7652778029441833 0.578906238079071 0.7638888955116272 0.581250011920929 0.7597222328186035 0.581250011920929 0.7583333253860474 0.58203125 0.7569444179534912 0.58203125 0.7555555701255798 0.582812488079071 0.7541666626930237 0.582812488079071 0.75 0.5835937261581421 0.7486110925674438 0.5835937261581421 0.7444444298744202 0.5843750238418579 0.7430555820465088 0.5843750238418579 0.7208333611488342 0.5835937261581421 0.7194444537162781 0.5835937261581421 0.7152777910232544 0.582812488079071 0.7138888835906982 0.582812488079071 0.7111111283302307 0.58203125 0.7097222208976746 0.58203125 0.7083333134651184 0.581250011920929 0.706944465637207 0.581250011920929 0.7055555582046509 0.5804687738418579 0.7041666507720947 0.5804687738418579 0.7027778029441833 0.5796874761581421 0.7013888955116272 0.5796874761581421 0.699999988079071 0.578125 0.6972222328186035 0.578125 0.6958333253860474 0.5765625238418579 0.6930555701255798 0.5757812261581421 0.6930555701255798 0.571093738079071 0.6847222447395325 0.5703125 0.6847222447395325 0.569531261920929 0.6833333373069763 0.5687500238418579 0.6833333373069763 0.5679687261581421 0.6819444298744202 0.567187488079071 0.6819444298744202 0.56640625 0.6805555820465088 0.5648437738418579 0.6805555820465088 0.5640624761581421 0.6791666746139526 0.561718761920929 0.6791666746139526 0.5609375238418579 0.6777777671813965
47 0.9234374761581421 0.6625000238418579 0.922656238079071 0.6638888716697693 0.9195312261581421 0.6638888716697693 0.918749988079071 0.6652777791023254 0.917187511920929 0.6652777791023254 0.9164062738418579 0.6666666865348816 0.9156249761581421 0.6666666865348816 0.914843738079071 0.668055534362793 0.9140625 0.668055534362793 0.913281261920929 0.6694444417953491 0.9125000238418579 0.6694444417953491 0.9078124761581421 0.6777777671813965 0.9078124761581421 0.6791666746139526 0.907031238079071 0.6805555820465088 0.907031238079071 0.6861110925674438 0.90625 0.6875 0.90625 0.6916666626930237 0.907031238079071 0.6930555701255798 0.907031238079071 0.6986111402511597 0.9078124761581421 0.699999988079071 0.9078124761581421 0.7013888955116272 0.9085937738418579 0.7027778029441833 0.9085937738418579 0.7041666507720947 0.909375011920929 0.7055555582046509 0.909375011920929 0.7083333134651184 0.91015625 0.7097222208976746 0.91015625 0.7138888835906982 0.910937488079071 0.7152777910232544 0.910937488079071 0.7166666388511658 0.9117187261581421 0.7180555462837219 0.9117187261581421 0.7194444537162781 0.913281261920929 0.7222222089767456 0.9140625 0.7222222089767456 0.914843738079071 0.7236111164093018 0.9156249761581421 0.7236111164093018 0.9164062738418579 0.7250000238418579 0.91796875 0.7250000238418579 0.918749988079071 0.7263888716697693 0.9195312261581421 0.7263888716697693 0.9203125238418579 0.7277777791023254 0.921875 0.7277777791023254 0.922656238079071 0.7291666865348816 0.925000011920929 0.7291666865348816 0.92578125 0.730555534362793 0.9273437261581421 0.730555534362793 0.9281250238418579 0.7291666865348816 0.9296875 0.7291666865348816 0.930468738079071 0.7277777791023254 0.9320312738418579 0.7277777791023254 0.932812511920929 0.7263888716697693 0.9375 0.7263888716697693 0.938281238079071 0.7250000238418579 0.9398437738418579 0.7250000238418579 0.940625011920929 0.7236111164093018 0.94140625 0.7236111164093018 0.94140625 0.7222222089767456 0.942187488079071 0.7208333611488342 0.942187488079071 0.7194444537162781 0.9437500238418579 0.7166666388511658 0.9437500238418579 0.7152777910232544 0.9453125 0.7124999761581421 0.9453125 0.7097222208976746 0.946093738079071 0.7083333134651184 0.946093738079071 0.706944465637207 0.9468749761581421 0.7055555582046509 0.9468749761581421 0.699999988079071 0.9476562738418579 0.6986111402511597 0.9476562738418579 0.6888889074325562 0.9468749761581421 0.6875 0.9468749761581421 0.6833333373069763 0.946093738079071 0.6819444298744202 0.946093738079071 0.6805555820465088 0.94140625 0.6722221970558167 0.9398437738418579 0.6722221970558167 0.9390624761581421 0.6708333492279053 0.938281238079071 0.6708333492279053 0.936718761920929 0.668055534362793 0.9359375238418579 0.668055534362793 0.9351562261581421 0.6666666865348816 0.93359375 0.6666666865348816 0.932812511920929 0.6652777791023254 0.930468738079071 0.6652777791023254 0.9296875 0.6638888716697693 0.92578125 0.6638888716697693 0.925000011920929 0.6625000238418579
47 0.510937511920929 0.7666666507720947 0.5093749761581421 0.769444465637207 0.508593738079071 0.769444465637207 0.5054687261581421 0.7749999761581421 0.503125011920929 0.7749999761581421 0.5023437738418579 0.7763888835906982 0.5015624761581421 0.7763888835906982 0.500781238079071 0.7777777910232544 0.5 0.7777777910232544 0.49921876192092896 0.7791666388511658 0.4984374940395355 0.7791666388511658 0.4976562559604645 0.7805555462837219 0.49687498807907104 0.7805555462837219 0.4921875 0.7888888716697693 0.49140626192092896 0.7888888716697693 0.4898437559604645 0.7916666865348816 0.48828125 0.7916666865348816 0.4867187440395355 0.7944444417953491 0.4867187440395355 0.8013888597488403 0.48750001192092896 0.8013888597488403 0.48828125 0.8027777671813965 0.4898437559604645 0.8027777671813965 0.4906249940395355 0.8041666746139526 0.49140626192092896 0.8041666746139526 0.4921875 0.8055555820465088 0.49921876192092896 0.8055555820465088 0.5 0.8041666746139526 0.50390625 0.8041666746139526 0.504687488079071 0.8027777671813965 0.5078125 0.8027777671813965 0.508593738079071 0.8013888597488403 0.510937511920929 0.8013888597488403 0.51171875 0.800000011920929 0.512499988079071 0.800000011920929 0.5132812261581421 0.7986111044883728 0.5140625238418579 0.7986111044883728 0.514843761920929 0.7972221970558167 0.515625 0.7972221970558167 0.5179687738418579 0.793055534362793 0.5179687738418579 0.7916666865348816 0.518750011920929 0.7902777791023254 0.518750011920929 0.7861111164093018 0.51953125 0.7847222089767456 0.51953125 0.7805555462837219 0.520312488079071 0.7791666388511658 0.520312488079071 0.7749999761581421 0.5210937261581421 0.7736111283302307 0.5210937261581421 0.7708333134651184 0.5218750238418579 0.769444465637207 0.5218750238418579 0.7666666507720947 0.5210937261581421 0.7652778029441833 0.518750011920929 0.7652778029441833 0.5179687738418579 0.7666666507720947 0.516406238079071 0.7666666507720947 0.515625 0.7652778029441833 0.512499988079071 0.7652778029441833 0.51171875 0.7666666507720947 0.510937511920929 0.7666666507720947 0.5078125 0.7555555701255798 0.5101562738418579 0.7513889074325562 0.512499988079071 0.7513889074325562 0.516406238079071 0.7444444298744202 0.516406238079071 0.7430555820465088 0.5171874761581421 0.7416666746139526 0.5179687738418579 0.7416666746139526 0.51953125 0.7388888597488403 0.51953125 0.737500011920929 0.520312488079071 0.7361111044883728 0.520312488079071 0.7347221970558167 0.5210937261581421 0.7333333492279053 0.5210937261581421 0.7263888716697693 0.520312488079071 0.7250000238418579 0.520312488079071 0.7222222089767456 0.518750011920929 0.7194444537162781 0.507031261920929 0.7194444537162781 0.5062500238418579 0.7180555462837219 0.50390625 0.7180555462837219 0.503125011920929 0.7166666388511658 0.5023437738418579 0.7166666388511658 0.5015624761581421 0.7152777910232544 0.500781238079071 0.7152777910232544 0.5 0.7138888835906982 0.49921876192092896 0.7138888835906982 0.4984374940395355 0.7124999761581421 0.4976562559604645 0.7124999761581421 0.49687498807907104 0.7111111283302307 0.49609375 0.7111111283302307 0.49531251192092896 0.7097222208976746 0.49296873807907104 0.7097222208976746 0.4921875 0.7083333134651184 0.48828125 0.7083333134651184 0.48750001192092896 0.706944465637207 0.484375 0.706944465637207 0.48359376192092896 0.7083333134651184 0.48124998807907104 0.7083333134651184 0.48046875 0.7097222208976746 0.47968751192092896 0.7097222208976746 0.4781250059604645 0.7124999761581421 0.47734373807907104 0.7124999761581421 0.47187501192092896 0.7222222089767456 0.47187501192092896 0.7236111164093018 0.4710937440395355 0.7250000238418579 0.4710937440395355 0.7263888716697693 0.4703125059604645 0.7277777791023254 0.4703125059604645 0.7319444417953491 0.46953123807907104 0.7333333492279053 0.46953123807907104 0.737500011920929 0.46875 0.7388888597488403 0.46875 0.7458333373069763 0.46796876192092896 0.7472222447395325 0.46796876192092896 0.7597222328186035 0.46875 0.7611111402511597 0.46875 0.7652778029441833 0.46953123807907104 0.7666666507720947 0.46953123807907104 0.7708333134651184 0.4703125059604645 0.7722222208976746 0.4703125059604645 0.7736111283302307 0.4710937440395355 0.7749999761581421 0.4710937440395355 0.7763888835906982 0.47187501192092896 0.7777777910232544 0.47187501192092896 0.7791666388511658 0.47343748807907104 0.7819444537162781 0.47343748807907104 0.7833333611488342 0.4742187559604645 0.7847222089767456 0.4749999940395355 0.7847222089767456 0.47578126192092896 0.7833333611488342 0.4765625 0.7833333611488342 0.47734373807907104 0.7819444537162781 0.4781250059604645 0.7819444537162781 0.47968751192092896 0.7791666388511658 0.48124998807907104 0.7791666388511658 0.4820312559604645 0.7777777910232544 0.4828124940395355 0.7777777910232544 0.48515623807907104 0.7736111283302307 0.4859375059604645 0.7736111283302307 0.4937500059604645 0.7597222328186035 0.49687498807907104 0.7597222328186035 0.4976562559604645 0.7583333253860474 0.50390625 0.7583333253860474 0.504687488079071 0.7569444179534912 0.5062500238418579 0.7569444179534912 0.507031261920929 0.7555555701255798 0.5078125 0.7555555701255798
47 0.8531249761581421 0.3847222328186035 0.8515625 0.38749998807907104 0.850781261920929 0.38749998807907104 0.8500000238418579 0.3888888955116272 0.848437488079071 0.3888888955116272 0.84765625 0.39027777314186096 0.846875011920929 0.39027777314186096 0.844531238079071 0.39444443583488464 0.84375 0.39444443583488464 0.8421875238418579 0.39722222089767456 0.8414062261581421 0.39722222089767456 0.840624988079071 0.3986110985279083 0.83984375 0.3986110985279083 0.836718738079071 0.40416666865348816 0.836718738079071 0.4055555462837219 0.8359375 0.4069444537162781 0.8359375 0.40833333134651184 0.835156261920929 0.4097222089767456 0.835156261920929 0.41111111640930176 0.8343750238418579 0.4124999940395355 0.8343750238418579 0.4138889014720917 0.8335937261581421 0.41527777910232544 0.8335937261581421 0.41805556416511536 0.832812488079071 0.4194444417953491 0.832812488079071 0.42500001192092896 0.83203125 0.4263888895511627 0.83203125 0.4277777671813965 0.832812488079071 0.42916667461395264 0.832812488079071 0.43888887763023376 0.8335937261581421 0.4402777850627899 0.8335937261581421 0.44583332538604736 0.8343750238418579 0.4472222328186035 0.8343750238418579 0.4486111104488373 0.835156261920929 0.44999998807907104 0.8359375 0.44999998807907104 0.836718738079071 0.4513888955116272 0.8382812738418579 0.4513888955116272 0.839062511920929 0.45277777314186096 0.840624988079071 0.45277777314186096 0.8414062261581421 0.4541666805744171 0.8539062738418579 0.4541666805744171 0.854687511920929 0.45277777314186096 0.8570312261581421 0.45277777314186096 0.8578125238418579 0.4513888955116272 0.860156238079071 0.4513888955116272 0.8609374761581421 0.44999998807907104 0.864062488079071 0.44999998807907104 0.8648437261581421 0.4486111104488373 0.8656250238418579 0.44999998807907104 0.8695312738418579 0.44999998807907104 0.870312511920929 0.4513888955116272 0.8734375238418579 0.4513888955116272 0.874218761920929 0.45277777314186096 0.875 0.45277777314186096 0.875781238079071 0.4541666805744171 0.8773437738418579 0.4541666805744171 0.878125011920929 0.4555555582046509 0.87890625 0.4555555582046509 0.879687488079071 0.45694443583488464 0.8843749761581421 0.45694443583488464 0.885937511920929 0.4541666805744171 0.885937511920929 0.45277777314186096 0.88671875 0.4513888955116272 0.88671875 0.44999998807907104 0.887499988079071 0.4486111104488373 0.887499988079071 0.4472222328186035 0.8890625238418579 0.4444444477558136 0.8890625238418579 0.4416666626930237 0.889843761920929 0.4402777850627899 0.889843761920929 0.4375 0.890625 0.43611112236976624 0.890625 0.41805556416511536 0.889843761920929 0.4166666567325592 0.889843761920929 0.4124999940395355 0.8890625238418579 0.41111111640930176 0.8890625238418579 0.4097222089767456 0.887499988079071 0.4069444537162781 0.887499988079071 0.4055555462837219 0.8804687261581421 0.3930555582046509 0.879687488079071 0.3930555582046509 0.87890625 0.3916666805744171 0.878125011920929 0.3916666805744171 0.8773437738418579 0.39027777314186096 0.8765624761581421 0.39027777314186096 0.875781238079071 0.3888888955116272 0.874218761920929 0.3888888955116272 0.8734375238418579 0.38749998807907104 0.87109375 0.38749998807907104 0.870312511920929 0.3861111104488373 0.8671875 0.3861111104488373 0.866406261920929 0.3847222328186035
47 0.21796874701976776 0.20694445073604584 0.21718749403953552 0.2083333283662796 0.21562500298023224 0.2083333283662796 0.21484375 0.20972222089767456 0.21406249701976776 0.20972222089767456 0.21328124403953552 0.21111111342906952 0.21250000596046448 0.21111111342906952 0.21171875298023224 0.21250000596046448 0.2109375 0.21250000596046448 0.21015624701976776 0.21388888359069824 0.20937499403953552 0.21388888359069824 0.20859375596046448 0.2152777761220932 0.20859375596046448 0.21666666865348816 0.20546874403953552 0.2222222238779068 0.20546874403953552 0.22361111640930176 0.20468750596046448 0.22499999403953552 0.20390625298023224 0.22499999403953552 0.20390625298023224 0.22638888657093048 0.203125 0.22777777910232544 0.203125 0.23749999701976776 0.20390625298023224 0.23888888955116272 0.20390625298023224 0.24166665971279144 0.20468750596046448 0.2430555522441864 0.20468750596046448 0.24583333730697632 0.20546874403953552 0.24722221493721008 0.20546874403953552 0.24861110746860504 0.20624999701976776 0.25 0.20624999701976776 0.2527777850627899 0.20781250298023224 0.25555557012557983 0.20859375596046448 0.25555557012557983 0.2109375 0.2597222328186035 0.21171875298023224 0.2597222328186035 0.21484375 0.26527777314186096 0.21562500298023224 0.26527777314186096 0.21640625596046448 0.2666666805744171 0.22187499701976776 0.2666666805744171 0.22265625 0.26527777314186096 0.22421875596046448 0.26527777314186096 0.22578124701976776 0.26249998807907104 0.2265625 0.26249998807907104 0.23203125596046448 0.2527777850627899 0.23203125596046448 0.25 0.23281249403953552 0.24861110746860504 0.23281249403953552 0.24583333730697632 0.23359374701976776 0.24444444477558136 0.23359374701976776 0.24027778208255768 0.234375 0.23888888955116272 0.234375 0.23194444179534912 0.23359374701976776 0.23055554926395416 0.23359374701976776 0.2291666716337204 0.23281249403953552 0.22777777910232544 0.23281249403953552 0.22499999403953552 0.23125000298023224 0.2222222238779068 0.23125000298023224 0.22083333134651184 0.22578124701976776 0.21111111342906952 0.22499999403953552 0.21111111342906952 0.22421875596046448 0.20972222089767456 0.22343750298023224 0.20972222089767456 0.22265625 0.2083333283662796 0.22187499701976776 0.2083333283662796 0.22109374403953552 0.20694445073604584
47 0.3335937559604645 0.29722222685813904 0.32734376192092896 0.3083333373069763 0.32734376192092896 0.3097222149372101 0.3265624940395355 0.31111112236976624 0.3265624940395355 0.3125 0.3257812559604645 0.31388887763023376 0.3257812559604645 0.3152777850627899 0.3203125 0.32499998807907104 0.31953126192092896 0.32499998807907104 0.3179687559604645 0.32777777314186096 0.31718748807907104 0.32777777314186096 0.31640625 0.3291666805744171 0.31562501192092896 0.3291666805744171 0.3148437440395355 0.3305555582046509 0.3140625059604645 0.3305555582046509 0.31328123807907104 0.33194443583488464 0.3125 0.33194443583488464 0.31171876192092896 0.3333333432674408 0.3101562559604645 0.3333333432674408 0.30937498807907104 0.33472222089767456 0.30781251192092896 0.33472222089767456 0.3070312440395355 0.3361110985279083 0.30546873807907104 0.3361110985279083 0.3046875 0.3375000059604645 0.2984375059604645 0.3375000059604645 0.29765623807907104 0.33888888359069824 0.29374998807907104 0.33888888359069824 0.29296875 0.3402777910232544 0.29218751192092896 0.3402777910232544 0.2914062440395355 0.34166666865348816 0.2906250059604645 0.34166666865348816 0.28984373807907104 0.3430555462837219 0.2906250059604645 0.3444444537162781 0.2906250059604645 0.34583333134651184 0.2914062440395355 0.3472222089767456 0.2914062440395355 0.3499999940395355 0.29218751192092896 0.3513889014720917 0.29218751192092896 0.35277777910232544 0.29296875 0.3541666567325592 0.29296875 0.35555556416511536 0.29374998807907104 0.3569444417953491 0.29374998807907104 0.3583333194255829 0.29609376192092896 0.36250001192092896 0.29609376192092896 0.3638888895511627 0.30078125 0.3722222149372101 0.30078125 0.37361112236976624 0.30156248807907104 0.37361112236976624 0.3023437559604645 0.375 0.3031249940395355 0.375 0.30390626192092896 0.37638887763023376 0.3046875 0.37638887763023376 0.30546873807907104 0.3777777850627899 0.3062500059604645 0.3777777850627899 0.3070312440395355 0.3791666626930237 0.30937498807907104 0.3791666626930237 0.3101562559604645 0.38055557012557983 0.3140625059604645 0.38055557012557983 0.3148437440395355 0.3819444477558136 0.32890623807907104 0.3819444477558136 0.3296875059604645 0.38055557012557983 0.33203125 0.38055557012557983 0.33281248807907104 0.3791666626930237 0.3335937559604645 0.3791666626930237 0.3375000059604645 0.3722222149372101 0.3382812440395355 0.3722222149372101 0.33984375 0.36944442987442017 0.33984375 0.3680555522441864 0.3421874940395355 0.3638888895511627 0.3421874940395355 0.36250001192092896 0.34296876192092896 0.3611111044883728 0.34296876192092896 0.3583333194255829 0.34375 0.3569444417953491 0.34375 0.3541666567325592 0.34453123807907104 0.35277777910232544 0.34453123807907104 0.3472222089767456 0.3453125059604645 0.34583333134651184 0.3453125059604645 0.3194444477558136 0.34453123807907104 0.31805557012557983 0.34453123807907104 0.3152777850627899 0.34375 0.31388887763023376 0.34375 0.3125 0.34296876192092896 0.31111112236976624 0.34296876192092896 0.3097222149372101 0.3421874940395355 0.3083333373069763 0.3421874940395355 0.30694442987442017 0.33984375 0.3027777671813965 0.33984375 0.3013888895511627 0.3382812440395355 0.2986111044883728 0.3359375 0.2986111044883728 0.33515626192092896 0.29722222685813904
47 0.9976562261581421 0.09166666865348816 0.996874988079071 0.09305555373430252 0.99609375 0.09305555373430252 0.995312511920929 0.09444444626569748 0.9937499761581421 0.09444444626569748 0.992968738079071 0.09583333134651184 0.9921875 0.09583333134651184 0.991406261920929 0.0972222238779068 0.9906250238418579 0.0972222238779068 0.9820312261581421 0.11249999701976776 0.9820312261581421 0.11388888955116272 0.981249988079071 0.11527777463197708 0.981249988079071 0.11666666716337204 0.98046875 0.1180555522441864 0.98046875 0.12083332985639572 0.979687511920929 0.12222222238779068 0.979687511920929 0.125 0.9789062738418579 0.12638889253139496 0.9789062738418579 0.13055555522441864 0.9781249761581421 0.1319444477558136 0.9781249761581421 0.15138888359069824 0.9789062738418579 0.1527777761220932 0.9789062738418579 0.15555556118488312 0.979687511920929 0.15694443881511688 0.979687511920929 0.15833333134651184 0.98046875 0.1597222238779068 0.98046875 0.16111111640930176 0.9828125238418579 0.16527777910232544 0.983593761920929 0.16527777910232544 0.984375 0.1666666716337204 0.985156238079071 0.1666666716337204 0.9859374761581421 0.16805554926395416 0.9867187738418579 0.1666666716337204 0.98828125 0.1666666716337204 0.989062488079071 0.16527777910232544 0.9906250238418579 0.16527777910232544 0.991406261920929 0.16388888657093048 0.9921875 0.16388888657093048 0.992968738079071 0.16249999403953552 0.9945312738418579 0.16249999403953552 0.995312511920929 0.16111111640930176 0.99609375 0.16111111640930176 0.996874988079071 0.1597222238779068 0.999218761920929 0.1597222238779068 0.999218761920929 0.09166666865348816
47 0.35624998807907104 0.30416667461395264 0.35546875 0.3055555522441864 0.3531250059604645 0.3055555522441864 0.35234373807907104 0.30694442987442017 0.35234373807907104 0.3083333373069763 0.35078126192092896 0.31111112236976624 0.35078126192092896 0.3125 0.3492187559604645 0.3152777850627899 0.3492187559604645 0.3166666626930237 0.34765625 0.3194444477558136 0.34765625 0.3222222328186035 0.34687501192092896 0.3236111104488373 0.34687501192092896 0.32777777314186096 0.3460937440395355 0.3291666805744171 0.3460937440395355 0.3305555582046509 0.34687501192092896 0.33194443583488464 0.34687501192092896 0.3361110985279083 0.3460937440395355 0.3375000059604645 0.3460937440395355 0.3499999940395355 0.3453125059604645 0.3513889014720917 0.3453125059604645 0.35555556416511536 0.34453123807907104 0.3569444417953491 0.34453123807907104 0.3680555522441864 0.3453125059604645 0.36944442987442017 0.3453125059604645 0.3708333373069763 0.3460937440395355 0.3722222149372101 0.3460937440395355 0.37361112236976624 0.34687501192092896 0.375 0.34687501192092896 0.3777777850627899 0.34765625 0.3791666626930237 0.34765625 0.38055557012557983 0.3492187559604645 0.38333332538604736 0.3492187559604645 0.3847222328186035 0.3499999940395355 0.3861111104488373 0.35078126192092896 0.3861111104488373 0.35234373807907104 0.3888888955116272 0.3531250059604645 0.3888888955116272 0.3539062440395355 0.39027777314186096 0.35468751192092896 0.39027777314186096 0.35624998807907104 0.3930555582046509 0.3578124940395355 0.3930555582046509 0.35859376192092896 0.39444443583488464 0.36015623807907104 0.39444443583488464 0.3609375059604645 0.3958333432674408 0.36250001192092896 0.3958333432674408 0.36328125 0.39722222089767456 0.3671875 0.39722222089767456 0.36796873807907104 0.3986110985279083 0.3726562559604645 0.3986110985279083 0.3734374940395355 0.39722222089767456 0.3765625059604645 0.39722222089767456 0.3773437440395355 0.3958333432674408 0.3804687559604645 0.3958333432674408 0.3812499940395355 0.39444443583488464 0.38203126192092896 0.39444443583488464 0.38359373807907104 0.3916666805744171 0.38359373807907104 0.38333332538604736 0.3828125 0.3819444477558136 0.3828125 0.38055557012557983 0.3812499940395355 0.3777777850627899 0.3812499940395355 0.37638887763023376 0.3773437440395355 0.36944442987442017 0.37578123807907104 0.36944442987442017 0.375 0.3680555522441864 0.3734374940395355 0.3680555522441864 0.37109375 0.3638888895511627 0.37109375 0.3583333194255829 0.37031251192092896 0.3569444417953491 0.37031251192092896 0.3402777910232544 0.37109375 0.33888888359069824 0.37109375 0.33194443583488464 0.37187498807907104 0.3305555582046509 0.37187498807907104 0.3263888955116272 0.3726562559604645 0.32499998807907104 0.3726562559604645 0.3236111104488373 0.3734374940395355 0.3222222328186035 0.3734374940395355 0.32083332538604736 0.37421876192092896 0.3194444477558136 0.37421876192092896 0.31805557012557983 0.375 0.3166666626930237 0.375 0.3125 0.37421876192092896 0.31111112236976624 0.3734374940395355 0.31111112236976624 0.3726562559604645 0.3097222149372101 0.3671875 0.3097222149372101 0.36640626192092896 0.3083333373069763 0.36250001192092896 0.3083333373069763 0.3617187440395355 0.30694442987442017 0.36015623807907104 0.30694442987442017 0.359375 0.3055555522441864 0.3578124940395355 0.3055555522441864 0.3570312559604645 0.30416667461395264
47 0.6031249761581421 0.7666666507720947 0.6031249761581421 0.7666666507720947 0.589062511920929 0.7597222328186035 0.589062511920929 0.7541666626930237 0.58984375 0.7527777552604675 0.58984375 0.7513889074325562 0.590624988079071 0.75 0.590624988079071 0.7486110925674438 0.5914062261581421 0.7472222447395325 0.5914062261581421 0.7458333373069763 0.5921875238418579 0.7444444298744202 0.5921875238418579 0.7430555820465088 0.592968761920929 0.7416666746139526 0.592968761920929 0.7402777671813965 0.59375 0.7388888597488403 0.59375 0.737500011920929 0.594531238079071 0.7361111044883728 0.594531238079071 0.7347221970558167 0.5960937738418579 0.7319444417953491 0.5960937738418579 0.7291666865348816 0.59765625 0.7263888716697693 0.59765625 0.7250000238418579 0.600781261920929 0.7194444537162781 0.6015625 0.7194444537162781 0.602343738079071 0.7180555462837219 0.6031249761581421 0.7180555462837219 0.606249988079071 0.7124999761581421 0.6070312261581421 0.7124999761581421 0.6078125238418579 0.7111111283302307 0.608593761920929 0.7111111283302307 0.609375 0.7097222208976746 0.610156238079071 0.7097222208976746 0.6109374761581421 0.7083333134651184 0.6117187738418579 0.7083333134651184 0.612500011920929 0.706944465637207 0.61328125 0.706944465637207 0.614062488079071 0.7055555582046509 0.6156250238418579 0.7055555582046509 0.6171875 0.7027778029441833 0.617968738079071 0.7027778029441833 0.6187499761581421 0.7013888955116272 0.6195312738418579 0.7013888955116272 0.620312511920929 0.699999988079071 0.62109375 0.699999988079071 0.621874988079071 0.6986111402511597 0.6226562261581421 0.6986111402511597 0.6226562261581421 0.6972222328186035 0.625 0.6930555701255798 0.625781238079071 0.6930555701255798 0.6265624761581421 0.6916666626930237 0.628125011920929 0.6916666626930237 0.62890625 0.6902777552604675 0.6343749761581421 0.6902777552604675 0.6343749761581421 0.6888889074325562 0.6351562738418579 0.6875 0.6351562738418579 0.6833333373069763 0.6343749761581421 0.6819444298744202 0.633593738079071 0.6819444298744202 0.6328125 0.6805555820465088 0.632031261920929 0.6805555820465088 0.629687488079071 0.6763888597488403 0.62890625 0.6763888597488403 0.628125011920929 0.675000011920929 0.6273437738418579 0.675000011920929 0.6265624761581421 0.6736111044883728 0.625781238079071 0.6736111044883728 0.625 0.6722221970558167 0.624218761920929 0.6722221970558167 0.6234375238418579 0.6708333492279053 0.621874988079071 0.6708333492279053 0.62109375 0.6694444417953491 0.6171875 0.6694444417953491 0.616406261920929 0.668055534362793 0.604687511920929 0.668055534362793 0.6039062738418579 0.6694444417953491 0.602343738079071 0.6694444417953491 0.6015625 0.6708333492279053 0.600781261920929 0.6708333492279053 0.6000000238418579 0.6722221970558167 0.5992187261581421 0.6722221970558167 0.598437488079071 0.6736111044883728 0.596875011920929 0.6736111044883728 0.5960937738418579 0.675000011920929 0.5953124761581421 0.675000011920929 0.590624988079071 0.6833333373069763 0.590624988079071 0.6847222447395325 0.58984375 0.6861110925674438 0.58984375 0.6875 0.589062511920929 0.6888889074325562 0.589062511920929 0.6902777552604675 0.5882812738418579 0.6916666626930237 0.5882812738418579 0.6958333253860474 0.5874999761581421 0.6972222328186035 0.5874999761581421 0.699999988079071 0.586718738079071 0.7013888955116272 0.586718738079071 0.706944465637207 0.5859375 0.7083333134651184 0.5859375 0.7152777910232544 0.585156261920929 0.7166666388511658 0.585156261920929 0.7291666865348816 0.5859375 0.730555534362793 0.5859375 0.7388888597488403 0.585156261920929 0.7402777671813965 0.585156261920929 0.75 0.5859375 0.7513889074325562 0.5859375 0.7597222328186035 0.586718738079071 0.7611111402511597 0.586718738079071 0.762499988079071 0.5874999761581421 0.7638888955116272 0.5874999761581421 0.7652778029441833 0.5882812738418579 0.7638888955116272 0.5882812738418579 0.7611111402511597 0.589062511920929 0.7597222328186035
47 0.33203125 0.9388889074325562 0.33125001192092896 0.9402777552604675 0.3296875059604645 0.9402777552604675 0.3296875059604645 0.9416666626930237 0.32890623807907104 0.9430555701255798 0.3257812559604645 0.9430555701255798 0.3257812559604645 0.9444444179534912 0.32499998807907104 0.9458333253860474 0.32499998807907104 0.9472222328186035 0.32421875 0.9486111402511597 0.32421875 0.9513888955116272 0.32343751192092896 0.9527778029441833 0.32343751192092896 0.9555555582046509 0.3226562440395355 0.956944465637207 0.3226562440395355 0.9652777910232544 0.3218750059604645 0.9666666388511658 0.3218750059604645 0.9833333492279053 0.3226562440395355 0.9847221970558167 0.3226562440395355 0.9888888597488403 0.32343751192092896 0.9902777671813965 0.32343751192092896 0.9916666746139526 0.32421875 0.9930555820465088 0.32421875 0.9944444298744202 0.32499998807907104 0.9958333373069763 0.32499998807907104 0.9986110925674438 0.35624998807907104 0.9986110925674438 0.35624998807907104 0.9958333373069763 0.3578124940395355 0.9930555820465088 0.35859376192092896 0.9930555820465088 0.36015623807907104 0.9902777671813965 0.36015623807907104 0.987500011920929 0.3609375059604645 0.9861111044883728 0.3609375059604645 0.9847221970558167 0.3617187440395355 0.9833333492279053 0.3617187440395355 0.980555534362793 0.3609375059604645 0.9791666865348816 0.3609375059604645 0.9763888716697693 0.36015623807907104 0.9750000238418579 0.36015623807907104 0.9736111164093018 0.35546875 0.9652777910232544 0.35546875 0.9638888835906982 0.3515625 0.956944465637207 0.35078126192092896 0.956944465637207 0.34453123807907104 0.9458333253860474 0.34375 0.9458333253860474 0.34296876192092896 0.9444444179534912 0.3414062559604645 0.9444444179534912 0.34062498807907104 0.9430555701255798 0.33984375 0.9430555701255798 0.3375000059604645 0.9388889074325562
47 0.05859375 0.16944444179534912 0.05703125149011612 0.17222222685813904 0.05624999850988388 0.17222222685813904 0.05312500149011612 0.17777778208255768 0.05312500149011612 0.17916665971279144 0.05078125 0.18333333730697632 0.05078125 0.18472221493721008 0.05000000074505806 0.18611110746860504 0.05000000074505806 0.19027778506278992 0.04921875149011612 0.19166666269302368 0.04843749850988388 0.19166666269302368 0.046875 0.1944444477558136 0.04609375074505806 0.1944444477558136 0.04531250149011612 0.19583334028720856 0.04453124850988388 0.19583334028720856 0.04062499850988388 0.20277777314186096 0.03984374925494194 0.20277777314186096 0.0390625 0.20416666567325592 0.0390625 0.20694445073604584 0.03828125074505806 0.2083333283662796 0.03828125074505806 0.21388888359069824 0.0390625 0.2152777761220932 0.0390625 0.21805556118488312 0.03984374925494194 0.21944443881511688 0.03984374925494194 0.22638888657093048 0.04062499850988388 0.22777777910232544 0.04062499850988388 0.23472222685813904 0.04140625149011612 0.2361111044883728 0.04140625149011612 0.23749999701976776 0.04296875 0.24027778208255768 0.04296875 0.24166665971279144 0.04374999925494194 0.2430555522441864 0.04453124850988388 0.2430555522441864 0.04609375074505806 0.24583333730697632 0.046875 0.24583333730697632 0.04765624925494194 0.24722221493721008 0.04843749850988388 0.24722221493721008 0.04921875149011612 0.24861110746860504 0.05546874925494194 0.24861110746860504 0.05624999850988388 0.24722221493721008 0.05703125149011612 0.24722221493721008 0.05937499925494194 0.2430555522441864 0.06015624850988388 0.2430555522441864 0.06562499701976776 0.23333333432674408 0.06562499701976776 0.23194444179534912 0.06640625 0.23055554926395416 0.06640625 0.2291666716337204 0.06796874850988388 0.22638888657093048 0.06796874850988388 0.22499999403953552 0.06875000149011612 0.22361111640930176 0.06875000149011612 0.2222222238779068 0.06953124701976776 0.22083333134651184 0.06953124701976776 0.21944443881511688 0.0703125 0.21805556118488312 0.0703125 0.20972222089767456 0.06953124701976776 0.2083333283662796 0.06953124701976776 0.20416666567325592 0.06875000149011612 0.20277777314186096 0.06875000149011612 0.2013888955116272 0.06796874850988388 0.20000000298023224 0.06796874850988388 0.19722221791744232 0.06718750298023224 0.19583334028720856 0.06718750298023224 0.19305555522441864 0.06640625 0.19166666269302368 0.06640625 0.18888889253139496 0.06562499701976776 0.1875 0.06562499701976776 0.18472221493721008 0.06484375149011612 0.18333333730697632 0.06484375149011612 0.1805555522441864 0.06406249850988388 0.17916665971279144 0.06406249850988388 0.17777778208255768 0.06328125298023224 0.17638888955116272 0.06328125298023224 0.17499999701976776 0.06093750149011612 0.17083333432674408 0.06093750149011612 0.16944444179534912
47 0.3687500059604645 0.9958333373069763 0.3687500059604645 0.9986110925674438 0.3687500059604645 0.9958333373069763 0.37890625 0.9958333373069763 0.3804687559604645 0.9958333373069763 0.3804687559604645 0.9986110925674438 0.375 0.9986110925674438 0.3726562559604645 0.9777777791023254 0.3726562559604645 0.9750000238418579 0.3695312440395355 0.9694444537162781 0.3687500059604645 0.9708333611488342 0.3671875 0.9680555462837219 0.3617187440395355 0.9736111164093018 0.36015623807907104 0.9708333611488342 0.36015623807907104 0.9694444537162781 0.35859376192092896 0.9666666388511658 0.35859376192092896 0.9652777910232544 0.35468751192092896 0.9583333134651184 0.3539062440395355 0.9583333134651184 0.3453125059604645 0.9430555701255798 0.3515625 0.9402777552604675 0.35234373807907104 0.9416666626930237 0.3570312559604645 0.9416666626930237 0.3578124940395355 0.9430555701255798 0.35859376192092896 0.9430555701255798 0.3609375059604645 0.9472222328186035 0.3609375059604645 0.9541666507720947 0.36406248807907104 0.9541666507720947 0.3648437559604645 0.9555555582046509 0.3648437559604645 0.9513888955116272 0.36328125 0.9486111402511597 0.36328125 0.9472222328186035 0.3617187440395355 0.9444444179534912 0.3617187440395355 0.9402777552604675 0.359375 0.9402777552604675 0.35859376192092896 0.9388889074325562 0.35624998807907104 0.9388889074325562 0.35546875 0.9375 0.35468751192092896 0.9375 0.3539062440395355 0.9361110925674438 0.35234373807907104 0.9361110925674438 0.35234373807907104 0.9375 0.3515625 0.9388889074325562 0.3515625 0.9402777552604675 0.3453125059604645 0.9430555701255798 0.34453123807907104 0.9430555701255798 0.34375 0.9416666626930237 0.3421874940395355 0.9416666626930237 0.3414062559604645 0.9402777552604675 0.34062498807907104 0.9402777552604675 0.33906251192092896 0.9375 0.3335937559604645 0.9375 0.33281248807907104 0.9388889074325562 0.33203125 0.9388889074325562 0.33125001192092896 0.9402777552604675 0.3304687440395355 0.9402777552604675 0.3304687440395355 0.9416666626930237 0.32890623807907104 0.9444444179534912 0.3257812559604645 0.9444444179534912 0.3257812559604645 0.9458333253860474 0.32499998807907104 0.9472222328186035 0.32499998807907104 0.9486111402511597 0.32421875 0.949999988079071 0.32421875 0.9527778029441833 0.32343751192092896 0.9541666507720947 0.32343751192092896 0.9583333134651184 0.3226562440395355 0.9597222208976746 0.3226562440395355 0.9694444537162781 0.3218750059604645 0.9708333611488342 0.3218750059604645 0.9819444417953491 0.3226562440395355 0.9833333492279053 0.3226562440395355 0.987500011920929 0.32343751192092896 0.9888888597488403 0.32343751192092896 0.9902777671813965 0.32421875 0.9916666746139526 0.32421875 0.9930555820465088 0.3257812559604645 0.9958333373069763 0.3257812559604645 0.9986110925674438 0.35624998807907104 0.9986110925674438 0.35624998807907104 0.9958333373069763 0.3570312559604645 0.9944444298744202 0.3578124940395355 0.9944444298744202 0.35859376192092896 0.9930555820465088 0.359375 0.9930555820465088 0.3609375059604645 0.9902777671813965 0.36250001192092896 0.9902777671813965 0.36328125 0.9916666746139526 0.36640626192092896 0.9916666746139526 0.36640626192092896 0.987500011920929 0.36328125 0.9819444417953491 0.36328125 0.9791666865348816 0.36250001192092896 0.9777777791023254 0.36250001192092896 0.9763888716697693 0.3617187440395355 0.9750000238418579 0.3617187440395355 0.9736111164093018 0.3671875 0.9680555462837219 0.3671875 0.9666666388511658 0.36796873807907104 0.9652777910232544 0.36796873807907104 0.9638888835906982 0.3687500059604645 0.9638888835906982 0.3687500059604645 0.9652777910232544 0.3695312440395355 0.9666666388511658 0.3695312440395355 0.9694444537162781 0.3726562559604645 0.9750000238418579 0.3726562559604645 0.9777777791023254 0.375 0.9986110925674438 0.375 0.9958333373069763 0.37578123807907104 0.9944444298744202 0.37578123807907104 0.9930555820465088 0.3765625059604645 0.9916666746139526 0.37890625 0.9958333373069763
