47 0.957812488079071 0.37361112236976624 0.95703125 0.375 0.953906238079071 0.375 0.953125 0.37638887763023376 0.9515625238418579 0.37638887763023376 0.9507812261581421 0.3777777850627899 0.949999988079071 0.3777777850627899 0.948437511920929 0.38055557012557983 0.9476562738418579 0.38055557012557983 0.9429687261581421 0.3888888955116272 0.942187488079071 0.3888888955116272 0.942187488079071 0.39027777314186096 0.9398437738418579 0.39444443583488464 0.9398437738418579 0.3958333432674408 0.938281238079071 0.3986110985279083 0.938281238079071 0.4027777910232544 0.9375 0.40416666865348816 0.9375 0.40833333134651184 0.936718761920929 0.4097222089767456 0.936718761920929 0.41527777910232544 0.9375 0.4166666567325592 0.9375 0.41805556416511536 0.938281238079071 0.4194444417953491 0.938281238079071 0.4208333194255829 0.9375 0.42222222685813904 0.9375 0.4305555522441864 0.938281238079071 0.43194442987442017 0.938281238079071 0.4402777850627899 0.9390624761581421 0.4416666626930237 0.9390624761581421 0.44305557012557983 0.9398437738418579 0.4444444477558136 0.9398437738418579 0.44583332538604736 0.94140625 0.4486111104488373 0.942187488079071 0.4486111104488373 0.9429687261581421 0.44999998807907104 0.9437500238418579 0.44999998807907104 0.944531261920929 0.4513888955116272 0.9453125 0.4513888955116272 0.946093738079071 0.45277777314186096 0.9468749761581421 0.45277777314186096 0.9476562738418579 0.4541666805744171 0.948437511920929 0.4541666805744171 0.94921875 0.4555555582046509 0.9507812261581421 0.4555555582046509 0.9515625238418579 0.45694443583488464 0.953125 0.45694443583488464 0.953906238079071 0.4583333432674408 0.9554687738418579 0.4583333432674408 0.956250011920929 0.45972222089767456 0.960156261920929 0.45972222089767456 0.9609375 0.4611110985279083 0.967968761920929 0.4611110985279083 0.96875 0.45972222089767456 0.971875011920929 0.45972222089767456 0.97265625 0.4583333432674408 0.9750000238418579 0.4583333432674408 0.975781261920929 0.45694443583488464 0.9765625 0.45694443583488464 0.9781249761581421 0.4541666805744171 0.9789062738418579 0.4541666805744171 0.979687511920929 0.45277777314186096 0.98046875 0.45277777314186096 0.981249988079071 0.4513888955116272 0.9820312261581421 0.4513888955116272 0.983593761920929 0.4486111104488373 0.984375 0.4486111104488373 0.987500011920929 0.44305557012557983 0.987500011920929 0.4416666626930237 0.9906250238418579 0.43611112236976624 0.9906250238418579 0.4347222149372101 0.991406261920929 0.4333333373069763 0.991406261920929 0.42500001192092896 0.9898437261581421 0.42222222685813904 0.9898437261581421 0.4208333194255829 0.989062488079071 0.4194444417953491 0.989062488079071 0.41805556416511536 0.98828125 0.4166666567325592 0.98828125 0.41111111640930176 0.987500011920929 0.4097222089767456 0.987500011920929 0.4069444537162781 0.9867187738418579 0.4055555462837219 0.9867187738418579 0.4027777910232544 0.9859374761581421 0.40138888359069824 0.9859374761581421 0.4000000059604645 0.985156238079071 0.3986110985279083 0.985156238079071 0.39722222089767456 0.984375 0.3958333432674408 0.984375 0.39444443583488464 0.983593761920929 0.3930555582046509 0.983593761920929 0.3916666805744171 0.9820312261581421 0.3888888955116272 0.981249988079071 0.3888888955116272 0.98046875 0.38749998807907104 0.979687511920929 0.38749998807907104 0.975781261920929 0.38055557012557983 0.9750000238418579 0.38055557012557983 0.9742187261581421 0.3791666626930237 0.971875011920929 0.3791666626930237 0.9710937738418579 0.3777777850627899 0.9671875238418579 0.3777777850627899 0.9664062261581421 0.37638887763023376 0.964062511920929 0.37638887763023376 0.9632812738418579 0.375 0.9593750238418579 0.375 0.9585937261581421 0.37361112236976624
47 0.8656250238418579 0.12777778506278992 0.8648437261581421 0.12916666269302368 0.8609374761581421 0.12916666269302368 0.860156238079071 0.13055555522441864 0.8578125238418579 0.13055555522441864 0.8570312261581421 0.1319444477558136 0.856249988079071 0.1319444477558136 0.85546875 0.13333334028720856 0.854687511920929 0.13333334028720856 0.8539062738418579 0.13472221791744232 0.8531249761581421 0.13472221791744232 0.850781261920929 0.1388888955116272 0.850781261920929 0.14027777314186096 0.8492187261581421 0.14305555820465088 0.8492187261581421 0.14722222089767456 0.848437488079071 0.14861111342906952 0.848437488079071 0.16249999403953552 0.8492187261581421 0.16388888657093048 0.8492187261581421 0.1666666716337204 0.8500000238418579 0.16805554926395416 0.8500000238418579 0.16944444179534912 0.8515625 0.17222222685813904 0.8515625 0.1736111044883728 0.854687511920929 0.17916665971279144 0.85546875 0.17916665971279144 0.8570312261581421 0.18194444477558136 0.8578125238418579 0.18194444477558136 0.8609374761581421 0.1875 0.866406261920929 0.1875 0.8671875 0.18888889253139496 0.867968738079071 0.18888889253139496 0.8687499761581421 0.19027778506278992 0.870312511920929 0.1875 0.87109375 0.1875 0.871874988079071 0.18611110746860504 0.8726562261581421 0.18611110746860504 0.8734375238418579 0.18472221493721008 0.8734375238418579 0.18333333730697632 0.8773437738418579 0.17638888955116272 0.8773437738418579 0.17499999701976776 0.878125011920929 0.1736111044883728 0.878125011920929 0.17222222685813904 0.87890625 0.17083333432674408 0.87890625 0.16944444179534912 0.879687488079071 0.16805554926395416 0.879687488079071 0.1666666716337204 0.8804687261581421 0.16527777910232544 0.8804687261581421 0.1597222238779068 0.8812500238418579 0.15833333134651184 0.8812500238418579 0.14444445073604584 0.8804687261581421 0.14305555820465088 0.8804687261581421 0.14027777314186096 0.879687488079071 0.1388888955116272 0.879687488079071 0.13750000298023224 0.87890625 0.13611111044883728 0.87890625 0.13472221791744232 0.8773437738418579 0.1319444477558136 0.8765624761581421 0.1319444477558136 0.875 0.12916666269302368 0.874218761920929 0.12916666269302368 0.8734375238418579 0.12777778506278992
47 0.4664062559604645 0.5861111283302307 0.46484375 0.5888888835906982 0.46484375 0.5902777910232544 0.4554687440395355 0.6069444417953491 0.4554687440395355 0.6083333492279053 0.45390623807907104 0.6111111044883728 0.45234376192092896 0.6111111044883728 0.4515624940395355 0.612500011920929 0.4507812559604645 0.612500011920929 0.44999998807907104 0.6138888597488403 0.44921875 0.6138888597488403 0.44921875 0.6152777671813965 0.44609373807907104 0.6208333373069763 0.4437499940395355 0.6208333373069763 0.44453126192092896 0.6222222447395325 0.44453126192092896 0.625 0.4453125 0.6263889074325562 0.4453125 0.6291666626930237 0.44453126192092896 0.6305555701255798 0.44453126192092896 0.6347222328186035 0.4437499940395355 0.6361111402511597 0.44218748807907104 0.6361111402511597 0.44140625 0.637499988079071 0.4390625059604645 0.637499988079071 0.43671876192092896 0.6416666507720947 0.4359374940395355 0.6416666507720947 0.4351562559604645 0.6430555582046509 0.43437498807907104 0.6430555582046509 0.43359375 0.644444465637207 0.4320312440395355 0.644444465637207 0.4296875 0.6486111283302307 0.43046873807907104 0.6499999761581421 0.43046873807907104 0.6513888835906982 0.4312500059604645 0.6527777910232544 0.4312500059604645 0.6541666388511658 0.4320312440395355 0.6555555462837219 0.4320312440395355 0.6569444537162781 0.43281251192092896 0.6583333611488342 0.43281251192092896 0.6597222089767456 0.43437498807907104 0.6625000238418579 0.43437498807907104 0.6638888716697693 0.4398437440395355 0.6736111044883728 0.44062501192092896 0.6736111044883728 0.44218748807907104 0.6763888597488403 0.4429687559604645 0.6763888597488403 0.4437499940395355 0.6777777671813965 0.44453126192092896 0.6777777671813965 0.4453125 0.6791666746139526 0.44609373807907104 0.6791666746139526 0.4468750059604645 0.6805555820465088 0.44843751192092896 0.6805555820465088 0.44921875 0.6819444298744202 0.45390623807907104 0.6819444298744202 0.4546875059604645 0.6833333373069763 0.4554687440395355 0.6833333373069763 0.45625001192092896 0.6819444298744202 0.4632812440395355 0.6819444298744202 0.46406251192092896 0.6805555820465088 0.46562498807907104 0.6805555820465088 0.4664062559604645 0.6791666746139526 0.4671874940395355 0.6791666746139526 0.46796876192092896 0.6777777671813965 0.46875 0.6777777671813965 0.4703125059604645 0.675000011920929 0.4710937440395355 0.675000011920929 0.47187501192092896 0.6736111044883728 0.47265625 0.6736111044883728 0.47343748807907104 0.6722221970558167 0.4742187559604645 0.6722221970558167 0.47578126192092896 0.6694444417953491 0.47578126192092896 0.668055534362793 0.47968751192092896 0.6611111164093018 0.47968751192092896 0.6597222089767456 0.48046875 0.6583333611488342 0.48046875 0.6569444537162781 0.48124998807907104 0.6555555462837219 0.48124998807907104 0.6541666388511658 0.4820312559604645 0.6527777910232544 0.4820312559604645 0.6513888835906982 0.4828124940395355 0.6499999761581421 0.4828124940395355 0.6430555582046509 0.48359376192092896 0.6416666507720947 0.4828124940395355 0.6402778029441833 0.4828124940395355 0.6263889074325562 0.48359376192092896 0.625 0.48359376192092896 0.6194444298744202 0.4828124940395355 0.6180555820465088 0.4828124940395355 0.6166666746139526 0.4820312559604645 0.6152777671813965 0.4820312559604645 0.6138888597488403 0.48046875 0.6111111044883728 0.48046875 0.6097221970558167 0.4789062440395355 0.6069444417953491 0.4789062440395355 0.605555534362793 0.4781250059604645 0.6041666865348816 0.4781250059604645 0.6027777791023254 0.47734373807907104 0.6013888716697693 0.47734373807907104 0.6000000238418579 0.47578126192092896 0.5972222089767456 0.47578126192092896 0.5958333611488342 0.4703125059604645 0.5861111283302307
47 0.8804687261581421 0.14166666567325592 0.8804687261581421 0.15555556118488312 0.879687488079071 0.15694443881511688 0.879687488079071 0.1597222238779068 0.87890625 0.16111111640930176 0.87890625 0.16249999403953552 0.878125011920929 0.16388888657093048 0.878125011920929 0.16527777910232544 0.8773437738418579 0.1666666716337204 0.8773437738418579 0.16944444179534912 0.875 0.1736111044883728 0.875 0.17499999701976776 0.8726562261581421 0.17916665971279144 0.87109375 0.17916665971279144 0.870312511920929 0.1805555522441864 0.8687499761581421 0.1805555522441864 0.867968738079071 0.18194444477558136 0.8671875 0.18194444477558136 0.866406261920929 0.18333333730697632 0.8656250238418579 0.18333333730697632 0.8656250238418579 0.19027778506278992 0.866406261920929 0.19027778506278992 0.8671875 0.19166666269302368 0.867968738079071 0.19166666269302368 0.8687499761581421 0.19305555522441864 0.8812500238418579 0.19305555522441864 0.882031261920929 0.19166666269302368 0.8843749761581421 0.19166666269302368 0.88671875 0.1875 0.887499988079071 0.1875 0.890625 0.18194444477558136 0.890625 0.1805555522441864 0.8921874761581421 0.17777778208255768 0.8921874761581421 0.17638888955116272 0.8929687738418579 0.17499999701976776 0.8929687738418579 0.1736111044883728 0.893750011920929 0.17222222685813904 0.893750011920929 0.17083333432674408 0.89453125 0.16944444179534912 0.89453125 0.1666666716337204 0.895312488079071 0.16527777910232544 0.895312488079071 0.1597222238779068 0.89453125 0.15833333134651184 0.89453125 0.15555556118488312 0.8929687738418579 0.1527777761220932 0.8929687738418579 0.15138888359069824 0.890625 0.14722222089767456 0.889843761920929 0.14722222089767456 0.8890625238418579 0.1458333283662796 0.887499988079071 0.1458333283662796 0.88671875 0.14444445073604584 0.8812500238418579 0.14444445073604584 0.8804687261581421 0.14305555820465088
47 0.18046875298023224 0.27222222089767456 0.1796875 0.2736110985279083 0.17890624701976776 0.2736110985279083 0.17812499403953552 0.2750000059604645 0.17734375596046448 0.2750000059604645 0.17656250298023224 0.27638888359069824 0.17499999701976776 0.27638888359069824 0.17421874403953552 0.2777777910232544 0.17343750596046448 0.2777777910232544 0.17109374701976776 0.2819444537162781 0.17031249403953552 0.2819444537162781 0.16875000298023224 0.2847222089767456 0.16796875 0.2847222089767456 0.16562500596046448 0.2888889014720917 0.16562500596046448 0.29027777910232544 0.16015625 0.30000001192092896 0.16015625 0.3013888895511627 0.15625 0.3083333373069763 0.15625 0.3097222149372101 0.15546874701976776 0.31111112236976624 0.15546874701976776 0.3222222328186035 0.15625 0.3236111104488373 0.15625 0.3430555462837219 0.15781250596046448 0.34583333134651184 0.15781250596046448 0.3472222089767456 0.15859374403953552 0.34861111640930176 0.15859374403953552 0.3499999940395355 0.15937499701976776 0.3513889014720917 0.15937499701976776 0.35277777910232544 0.16015625 0.3541666567325592 0.16015625 0.35555556416511536 0.16093750298023224 0.3569444417953491 0.16093750298023224 0.35972222685813904 0.1640625 0.3652777671813965 0.16484375298023224 0.3652777671813965 0.16562500596046448 0.36666667461395264 0.16640624403953552 0.36666667461395264 0.16718749701976776 0.3680555522441864 0.17812499403953552 0.3680555522441864 0.17890624701976776 0.36666667461395264 0.18125000596046448 0.36666667461395264 0.18203124403953552 0.3652777671813965 0.18281249701976776 0.3652777671813965 0.18359375 0.3638888895511627 0.18437500298023224 0.3638888895511627 0.18437500298023224 0.36250001192092896 0.18515625596046448 0.3611111044883728 0.18515625596046448 0.3583333194255829 0.18593749403953552 0.3569444417953491 0.18593749403953552 0.35555556416511536 0.19062499701976776 0.3472222089767456 0.19062499701976776 0.34583333134651184 0.19140625 0.3444444537162781 0.19140625 0.3361110985279083 0.19218750298023224 0.33472222089767456 0.19218750298023224 0.3305555582046509 0.19296875596046448 0.3291666805744171 0.19296875596046448 0.32499998807907104 0.19374999403953552 0.3236111104488373 0.19374999403953552 0.3222222328186035 0.19453124701976776 0.32083332538604736 0.19453124701976776 0.3194444477558136 0.19609375298023224 0.3166666626930237 0.19609375298023224 0.3152777850627899 0.19687500596046448 0.31388887763023376 0.19687500596046448 0.31111112236976624 0.19765624403953552 0.3097222149372101 0.19765624403953552 0.3055555522441864 0.19687500596046448 0.30416667461395264 0.19687500596046448 0.2958333194255829 0.19609375298023224 0.2944444417953491 0.19609375298023224 0.2916666567325592 0.1953125 0.29027777910232544 0.1953125 0.2874999940395355 0.19296875596046448 0.28333333134651184 0.19296875596046448 0.2819444537162781 0.19140625 0.27916666865348816 0.19062499701976776 0.27916666865348816 0.18906250596046448 0.27638888359069824 0.18828125298023224 0.27638888359069824 0.18671874701976776 0.2736110985279083 0.18593749403953552 0.2736110985279083 0.18515625596046448 0.27222222089767456
47 0.421875 0.6277777552604675 0.4195312559604645 0.6319444179534912 0.41874998807907104 0.6319444179534912 0.41796875 0.6333333253860474 0.4156250059604645 0.6333333253860474 0.4156250059604645 0.6402778029441833 0.4164062440395355 0.6416666507720947 0.41874998807907104 0.6416666507720947 0.4195312559604645 0.6430555582046509 0.42265623807907104 0.6430555582046509 0.4234375059604645 0.644444465637207 0.42656248807907104 0.644444465637207 0.4273437559604645 0.6430555582046509 0.43281251192092896 0.6430555582046509 0.43359375 0.6416666507720947 0.4359374940395355 0.6416666507720947 0.43671876192092896 0.6402778029441833 0.4375 0.6402778029441833 0.43828123807907104 0.6388888955116272 0.44062501192092896 0.6388888955116272 0.44140625 0.637499988079071 0.4429687559604645 0.637499988079071 0.44453126192092896 0.6347222328186035 0.4453125 0.6347222328186035 0.4453125 0.6333333253860474 0.44843751192092896 0.6277777552604675 0.44921875 0.6277777552604675 0.44921875 0.6180555820465088 0.44843751192092896 0.6166666746139526 0.44609373807907104 0.6166666746139526 0.4453125 0.6180555820465088 0.4437499940395355 0.6180555820465088 0.4429687559604645 0.6194444298744202 0.4390625059604645 0.6194444298744202 0.43828123807907104 0.6208333373069763 0.4375 0.6208333373069763 0.43671876192092896 0.6222222447395325 0.4359374940395355 0.6222222447395325 0.4351562559604645 0.6236110925674438 0.43046873807907104 0.6236110925674438 0.4296875 0.625 0.42890626192092896 0.625 0.4281249940395355 0.6263889074325562 0.42500001192092896 0.6263889074325562 0.4242187440395355 0.6277777552604675 0.421875 0.6277777552604675 0.4195312559604645 0.612500011920929 0.4203124940395355 0.6111111044883728 0.42109376192092896 0.6111111044883728 0.421875 0.6097221970558167 0.4234375059604645 0.6097221970558167 0.4242187440395355 0.6083333492279053 0.42578125 0.6083333492279053 0.42656248807907104 0.6069444417953491 0.4273437559604645 0.6069444417953491 0.4281249940395355 0.605555534362793 0.4296875 0.605555534362793 0.43046873807907104 0.6041666865348816 0.4320312440395355 0.6041666865348816 0.43281251192092896 0.6027777791023254 0.4351562559604645 0.6027777791023254 0.4359374940395355 0.6013888716697693 0.4375 0.6013888716697693 0.43828123807907104 0.6000000238418579 0.4398437440395355 0.6000000238418579 0.44062501192092896 0.5986111164093018 0.44453126192092896 0.5986111164093018 0.4453125 0.5972222089767456 0.44609373807907104 0.5972222089767456 0.4468750059604645 0.5958333611488342 0.44843751192092896 0.5958333611488342 0.4507812559604645 0.5916666388511658 0.4515624940395355 0.5916666388511658 0.45234376192092896 0.5902777910232544 0.45234376192092896 0.5888888835906982 0.453125 0.5874999761581421 0.453125 0.5833333134651184 0.45390623807907104 0.581944465637207 0.45390623807907104 0.5791666507720947 0.453125 0.5777778029441833 0.453125 0.574999988079071 0.45234376192092896 0.5736111402511597 0.45234376192092896 0.5708333253860474 0.453125 0.5694444179534912 0.453125 0.5666666626930237 0.45390623807907104 0.5652777552604675 0.45390623807907104 0.5625 0.453125 0.5611110925674438 0.453125 0.5583333373069763 0.45234376192092896 0.5569444298744202 0.45234376192092896 0.5555555820465088 0.4515624940395355 0.5541666746139526 0.4507812559604645 0.5541666746139526 0.44843751192092896 0.550000011920929 0.4476562440395355 0.550000011920929 0.44609373807907104 0.5472221970558167 0.4453125 0.5472221970558167 0.44453126192092896 0.5458333492279053 0.4437499940395355 0.5458333492279053 0.4429687559604645 0.5444444417953491 0.44218748807907104 0.5444444417953491 0.44140625 0.543055534362793 0.4398437440395355 0.543055534362793 0.4390625059604645 0.5416666865348816 0.4375 0.5416666865348816 0.43671876192092896 0.5402777791023254 0.43359375 0.5402777791023254 0.43281251192092896 0.5388888716697693 0.42656248807907104 0.5388888716697693 0.42578125 0.5402777791023254 0.42265623807907104 0.5402777791023254 0.421875 0.5416666865348816 0.42109376192092896 0.5416666865348816 0.4203124940395355 0.543055534362793 0.41874998807907104 0.543055534362793 0.41718751192092896 0.5458333492279053 0.4164062440395355 0.5458333492279053 0.4140625 0.550000011920929 0.41328126192092896 0.550000011920929 0.4124999940395355 0.5513888597488403 0.4124999940395355 0.5527777671813965 0.4117187559604645 0.5541666746139526 0.41093748807907104 0.5541666746139526 0.40937501192092896 0.5569444298744202 0.40937501192092896 0.5583333373069763 0.4078125059604645 0.5611110925674438 0.4078125059604645 0.5625 0.40625 0.5652777552604675 0.40625 0.5666666626930237 0.40546876192092896 0.5680555701255798 0.40546876192092896 0.5694444179534912 0.4039062559604645 0.5722222328186035 0.4039062559604645 0.574999988079071 0.40312498807907104 0.5763888955116272 0.40312498807907104 0.5791666507720947 0.40234375 0.5805555582046509 0.40234375 0.5833333134651184 0.40156251192092896 0.5847222208976746 0.40156251192092896 0.5874999761581421 0.4007812440395355 0.5888888835906982 0.4007812440395355 0.5916666388511658 0.4000000059604645 0.5930555462837219 0.4007812440395355 0.5944444537162781 0.4007812440395355 0.6000000238418579 0.40156251192092896 0.6013888716697693 0.40156251192092896 0.6027777791023254 0.40234375 0.6041666865348816 0.40234375 0.605555534362793 0.40546876192092896 0.6111111044883728 0.40625 0.6111111044883728 0.40703123807907104 0.612500011920929 0.4078125059604645 0.612500011920929 0.4085937440395355 0.6138888597488403 0.41015625 0.6138888597488403 0.41093748807907104 0.6152777671813965 0.4124999940395355 0.6152777671813965 0.4140625 0.612500011920929 0.4195312559604645 0.612500011920929
47 0.550000011920929 0.8069444298744202 0.5492187738418579 0.8083333373069763 0.547656238079071 0.8083333373069763 0.546875 0.8097222447395325 0.546093761920929 0.8097222447395325 0.5453125238418579 0.8111110925674438 0.5445312261581421 0.8111110925674438 0.543749988079071 0.8125 0.54296875 0.8125 0.5414062738418579 0.8152777552604675 0.5406249761581421 0.8152777552604675 0.5390625 0.8180555701255798 0.538281261920929 0.8180555701255798 0.53125 0.8305555582046509 0.53125 0.831944465637207 0.5289062261581421 0.8361111283302307 0.5289062261581421 0.8374999761581421 0.52734375 0.8402777910232544 0.52734375 0.8416666388511658 0.526562511920929 0.8430555462837219 0.526562511920929 0.8444444537162781 0.5249999761581421 0.8472222089767456 0.5249999761581421 0.8486111164093018 0.524218738079071 0.8500000238418579 0.524218738079071 0.8513888716697693 0.5234375 0.8527777791023254 0.5234375 0.8541666865348816 0.522656261920929 0.855555534362793 0.522656261920929 0.8583333492279053 0.5218750238418579 0.8597221970558167 0.5218750238418579 0.862500011920929 0.5210937261581421 0.8638888597488403 0.5210937261581421 0.8694444298744202 0.520312488079071 0.8708333373069763 0.520312488079071 0.8777777552604675 0.51953125 0.8791666626930237 0.51953125 0.887499988079071 0.518750011920929 0.8888888955116272 0.518750011920929 0.894444465637207 0.51953125 0.8958333134651184 0.51953125 0.9125000238418579 0.520312488079071 0.9138888716697693 0.520312488079071 0.9166666865348816 0.5210937261581421 0.918055534362793 0.5210937261581421 0.9194444417953491 0.5218750238418579 0.9208333492279053 0.5218750238418579 0.9222221970558167 0.522656261920929 0.9236111044883728 0.522656261920929 0.925000011920929 0.5234375 0.9263888597488403 0.5234375 0.9277777671813965 0.5249999761581421 0.9305555820465088 0.5249999761581421 0.9319444298744202 0.52734375 0.9361110925674438 0.52734375 0.9375 0.5289062261581421 0.9402777552604675 0.5289062261581421 0.9416666626930237 0.530468761920929 0.9444444179534912 0.53125 0.9444444179534912 0.532031238079071 0.9458333253860474 0.5328124761581421 0.9458333253860474 0.534375011920929 0.9486111402511597 0.53515625 0.9486111402511597 0.535937488079071 0.949999988079071 0.5367187261581421 0.949999988079071 0.5375000238418579 0.9513888955116272 0.538281261920929 0.9513888955116272 0.5390625 0.9527778029441833 0.539843738079071 0.9527778029441833 0.543749988079071 0.9597222208976746 0.5445312261581421 0.9597222208976746 0.5453125238418579 0.9611111283302307 0.546093761920929 0.9611111283302307 0.546875 0.9624999761581421 0.547656238079071 0.9624999761581421 0.5484374761581421 0.9638888835906982 0.5492187738418579 0.9624999761581421 0.5492187738418579 0.9611111283302307 0.5523437261581421 0.9555555582046509 0.5523437261581421 0.9541666507720947 0.5531250238418579 0.9527778029441833 0.5531250238418579 0.9513888955116272 0.553906261920929 0.949999988079071 0.553906261920929 0.9486111402511597 0.5546875 0.9472222328186035 0.5546875 0.9444444179534912 0.555468738079071 0.9430555701255798 0.555468738079071 0.9416666626930237 0.5562499761581421 0.9402777552604675 0.5562499761581421 0.9347222447395325 0.5570312738418579 0.9333333373069763 0.5570312738418579 0.9277777671813965 0.557812511920929 0.9263888597488403 0.557812511920929 0.9138888716697693 0.55859375 0.9125000238418579 0.55859375 0.8902778029441833 0.557812511920929 0.8888888955116272 0.557812511920929 0.8833333253860474 0.5570312738418579 0.8819444179534912 0.5570312738418579 0.8583333492279053 0.557812511920929 0.8569444417953491 0.557812511920929 0.8527777791023254 0.55859375 0.8513888716697693 0.55859375 0.8444444537162781 0.559374988079071 0.8430555462837219 0.55859375 0.8416666388511658 0.55859375 0.8374999761581421 0.5570312738418579 0.8347222208976746 0.5570312738418579 0.831944465637207 0.5562499761581421 0.8305555582046509 0.5562499761581421 0.8277778029441833 0.555468738079071 0.8263888955116272 0.555468738079071 0.8194444179534912 0.5562499761581421 0.8180555701255798 0.5562499761581421 0.8083333373069763 0.555468738079071 0.8069444298744202
47 0.47265625 0.7402777671813965 0.47187501192092896 0.7416666746139526 0.46562498807907104 0.7416666746139526 0.46484375 0.7430555820465088 0.46171873807907104 0.7430555820465088 0.46015626192092896 0.7458333373069763 0.4593749940395355 0.7458333373069763 0.4585937559604645 0.7472222447395325 0.4585937559604645 0.7486110925674438 0.45703125 0.7513889074325562 0.45703125 0.7541666626930237 0.45625001192092896 0.7555555701255798 0.45625001192092896 0.7583333253860474 0.4554687440395355 0.7597222328186035 0.4554687440395355 0.7749999761581421 0.45625001192092896 0.7763888835906982 0.45625001192092896 0.7791666388511658 0.45703125 0.7805555462837219 0.45703125 0.7819444537162781 0.45781248807907104 0.7833333611488342 0.45781248807907104 0.7847222089767456 0.46171873807907104 0.7916666865348816 0.4625000059604645 0.7916666865348816 0.4632812440395355 0.793055534362793 0.46406251192092896 0.793055534362793 0.46484375 0.7944444417953491 0.4664062559604645 0.7944444417953491 0.4671874940395355 0.7958333492279053 0.4703125059604645 0.7958333492279053 0.4710937440395355 0.7972221970558167 0.47734373807907104 0.7972221970558167 0.4781250059604645 0.7958333492279053 0.4820312559604645 0.7958333492279053 0.4828124940395355 0.7944444417953491 0.48359376192092896 0.7944444417953491 0.4867187440395355 0.7888888716697693 0.4867187440395355 0.7861111164093018 0.48750001192092896 0.7847222089767456 0.48750001192092896 0.7791666388511658 0.48828125 0.7777777910232544 0.48828125 0.7652778029441833 0.48750001192092896 0.7638888955116272 0.48750001192092896 0.7583333253860474 0.4867187440395355 0.7569444179534912 0.4867187440395355 0.7527777552604675 0.4828124940395355 0.7458333373069763 0.4820312559604645 0.7458333373069763 0.48124998807907104 0.7444444298744202 0.48046875 0.7444444298744202 0.47968751192092896 0.7430555820465088 0.4789062440395355 0.7430555820465088 0.4781250059604645 0.7416666746139526 0.47578126192092896 0.7416666746139526 0.4749999940395355 0.7402777671813965
47 0.4507812559604645 0.6097221970558167 0.44999998807907104 0.6111111044883728 0.44921875 0.6111111044883728 0.4468750059604645 0.6152777671813965 0.44609373807907104 0.6152777671813965 0.4453125 0.6166666746139526 0.44453126192092896 0.6166666746139526 0.4437499940395355 0.6180555820465088 0.44062501192092896 0.6180555820465088 0.4398437440395355 0.6194444298744202 0.43828123807907104 0.6194444298744202 0.4375 0.6208333373069763 0.43671876192092896 0.6208333373069763 0.4359374940395355 0.6222222447395325 0.43437498807907104 0.6222222447395325 0.43359375 0.6236110925674438 0.43046873807907104 0.6236110925674438 0.4296875 0.625 0.4273437559604645 0.625 0.42656248807907104 0.6263889074325562 0.4242187440395355 0.6263889074325562 0.4234375059604645 0.6277777552604675 0.421875 0.6277777552604675 0.42109376192092896 0.6291666626930237 0.4203124940395355 0.6291666626930237 0.4195312559604645 0.6305555701255798 0.4164062440395355 0.6305555701255798 0.4156250059604645 0.6319444179534912 0.4156250059604645 0.6402778029441833 0.4164062440395355 0.6416666507720947 0.4195312559604645 0.6416666507720947 0.4203124940395355 0.6430555582046509 0.42265623807907104 0.6430555582046509 0.4234375059604645 0.644444465637207 0.4281249940395355 0.644444465637207 0.4296875 0.6472222208976746 0.4296875 0.6486111283302307 0.43046873807907104 0.6499999761581421 0.43046873807907104 0.6513888835906982 0.4320312440395355 0.6541666388511658 0.4320312440395355 0.6555555462837219 0.43281251192092896 0.6569444537162781 0.43281251192092896 0.6583333611488342 0.43359375 0.6597222089767456 0.43359375 0.6611111164093018 0.43671876192092896 0.6666666865348816 0.43671876192092896 0.668055534362793 0.4390625059604645 0.6722221970558167 0.4398437440395355 0.6722221970558167 0.44218748807907104 0.6763888597488403 0.4429687559604645 0.6763888597488403 0.4437499940395355 0.6777777671813965 0.44453126192092896 0.6777777671813965 0.4453125 0.6791666746139526 0.44609373807907104 0.6791666746139526 0.4468750059604645 0.6805555820465088 0.44921875 0.6805555820465088 0.44999998807907104 0.6819444298744202 0.4625000059604645 0.6819444298744202 0.4632812440395355 0.6805555820465088 0.46484375 0.6805555820465088 0.46562498807907104 0.6791666746139526 0.4671874940395355 0.6791666746139526 0.46875 0.6763888597488403 0.46953123807907104 0.6763888597488403 0.4710937440395355 0.6736111044883728 0.47187501192092896 0.6736111044883728 0.47265625 0.6722221970558167 0.4742187559604645 0.6722221970558167 0.47578126192092896 0.6694444417953491 0.47578126192092896 0.668055534362793 0.4789062440395355 0.6625000238418579 0.4789062440395355 0.6611111164093018 0.48046875 0.6583333611488342 0.48046875 0.6569444537162781 0.48124998807907104 0.6555555462837219 0.48124998807907104 0.6541666388511658 0.4820312559604645 0.6527777910232544 0.4820312559604645 0.6499999761581421 0.4828124940395355 0.6486111283302307 0.4828124940395355 0.625 0.48359376192092896 0.6236110925674438 0.48359376192092896 0.6208333373069763 0.4828124940395355 0.6194444298744202 0.4828124940395355 0.6166666746139526 0.48124998807907104 0.6138888597488403 0.48124998807907104 0.612500011920929 0.48046875 0.6111111044883728 0.48046875 0.6097221970558167 0.4789062440395355 0.6069444417953491 0.4789062440395355 0.605555534362793 0.4781250059604645 0.6041666865348816 0.4781250059604645 0.6027777791023254 0.47734373807907104 0.6013888716697693 0.47734373807907104 0.6000000238418579 0.4765625 0.5986111164093018 0.4765625 0.5972222089767456 0.4749999940395355 0.5944444537162781 0.4742187559604645 0.5944444537162781 0.4703125059604645 0.5874999761581421 0.46875 0.5874999761581421 0.46796876192092896 0.5861111283302307 0.4664062559604645 0.5861111283302307 0.46406251192092896 0.5902777910232544 0.46406251192092896 0.5916666388511658 0.4625000059604645 0.5944444537162781 0.46171873807907104 0.5944444537162781 0.45390623807907104 0.6083333492279053 0.453125 0.6083333492279053 0.45234376192092896 0.6097221970558167 0.4507812559604645 0.6097221970558167 0.44843751192092896 0.5958333611488342 0.4507812559604645 0.5916666388511658 0.4515624940395355 0.5916666388511658 0.453125 0.5888888835906982 0.453125 0.5833333134651184 0.45390623807907104 0.581944465637207 0.45390623807907104 0.5791666507720947 0.453125 0.5777778029441833 0.453125 0.5736111402511597 0.45234376192092896 0.5722222328186035 0.453125 0.5708333253860474 0.453125 0.5680555701255798 0.45390623807907104 0.5666666626930237 0.45390623807907104 0.5638889074325562 0.453125 0.5625 0.453125 0.5583333373069763 0.44999998807907104 0.5527777671813965 0.44921875 0.5527777671813965 0.44609373807907104 0.5472221970558167 0.4453125 0.5472221970558167 0.44453126192092896 0.5458333492279053 0.4437499940395355 0.5458333492279053 0.4429687559604645 0.5444444417953491 0.44218748807907104 0.5444444417953491 0.44140625 0.543055534362793 0.4390625059604645 0.543055534362793 0.43828123807907104 0.5416666865348816 0.4375 0.5416666865348816 0.43671876192092896 0.5402777791023254 0.4320312440395355 0.5402777791023254 0.4312500059604645 0.5388888716697693 0.4273437559604645 0.5388888716697693 0.42656248807907104 0.5402777791023254 0.4234375059604645 0.5402777791023254 0.42265623807907104 0.5416666865348816 0.421875 0.5416666865348816 0.42109376192092896 0.543055534362793 0.4195312559604645 0.543055534362793 0.41874998807907104 0.5444444417953491 0.41796875 0.5444444417953491 0.4164062440395355 0.5472221970558167 0.4156250059604645 0.5472221970558167 0.4078125059604645 0.5611110925674438 0.4078125059604645 0.5625 0.40703123807907104 0.5638889074325562 0.40703123807907104 0.5652777552604675 0.40546876192092896 0.5680555701255798 0.40546876192092896 0.5694444179534912 0.4039062559604645 0.5722222328186035 0.4039062559604645 0.574999988079071 0.40312498807907104 0.5763888955116272 0.40312498807907104 0.5805555582046509 0.40234375 0.581944465637207 0.40234375 0.5847222208976746 0.40156251192092896 0.5861111283302307 0.40156251192092896 0.5888888835906982 0.4007812440395355 0.5902777910232544 0.4007812440395355 0.5986111164093018 0.40156251192092896 0.6000000238418579 0.40156251192092896 0.6027777791023254 0.40234375 0.6041666865348816 0.40234375 0.605555534362793 0.40546876192092896 0.6111111044883728 0.40625 0.6111111044883728 0.40703123807907104 0.612500011920929 0.4078125059604645 0.612500011920929 0.4085937440395355 0.6138888597488403 0.41015625 0.6138888597488403 0.41093748807907104 0.6152777671813965 0.4124999940395355 0.6152777671813965 0.41328126192092896 0.6138888597488403 0.4140625 0.6138888597488403 0.41484373807907104 0.612500011920929 0.4195312559604645 0.612500011920929 0.4203124940395355 0.6111111044883728 0.42109376192092896 0.6111111044883728 0.421875 0.6097221970558167 0.4234375059604645 0.6097221970558167 0.4242187440395355 0.6083333492279053 0.42578125 0.6083333492279053 0.42656248807907104 0.6069444417953491 0.4273437559604645 0.6069444417953491 0.4281249940395355 0.605555534362793 0.43046873807907104 0.605555534362793 0.4312500059604645 0.6041666865348816 0.43281251192092896 0.6041666865348816 0.43359375 0.6027777791023254 0.4359374940395355 0.6027777791023254 0.43671876192092896 0.6013888716697693 0.4375 0.6013888716697693 0.4390625059604645 0.5986111164093018 0.44218748807907104 0.5986111164093018 0.4429687559604645 0.6000000238418579 0.44453126192092896 0.5972222089767456 0.44609373807907104 0.5972222089767456 0.4468750059604645 0.5958333611488342 0.44843751192092896 0.5958333611488342
47 0.12734374403953552 0.26527777314186096 0.12656250596046448 0.2666666805744171 0.125 0.2666666805744171 0.12421874701976776 0.2680555582046509 0.12343750149011612 0.2680555582046509 0.12265624850988388 0.26944443583488464 0.12187500298023224 0.26944443583488464 0.12109375 0.2708333432674408 0.12031249701976776 0.2708333432674408 0.11328125 0.28333333134651184 0.11328125 0.2847222089767456 0.11171875149011612 0.2874999940395355 0.11171875149011612 0.2888889014720917 0.11015625298023224 0.2916666567325592 0.11015625298023224 0.29305556416511536 0.109375 0.2944444417953491 0.109375 0.2986111044883728 0.10859374701976776 0.30000001192092896 0.10859374701976776 0.3013888895511627 0.109375 0.3027777671813965 0.109375 0.3097222149372101 0.11015625298023224 0.31111112236976624 0.11015625298023224 0.31388887763023376 0.11093749850988388 0.3152777850627899 0.11093749850988388 0.3166666626930237 0.11171875149011612 0.31805557012557983 0.11171875149011612 0.32083332538604736 0.11328125 0.3236111104488373 0.11328125 0.32499998807907104 0.11484374850988388 0.32777777314186096 0.11484374850988388 0.3291666805744171 0.11640624701976776 0.33194443583488464 0.11640624701976776 0.3333333432674408 0.11874999850988388 0.3375000059604645 0.11874999850988388 0.33888888359069824 0.12265624850988388 0.34583333134651184 0.12421874701976776 0.34583333134651184 0.125 0.3472222089767456 0.12734374403953552 0.3472222089767456 0.12812499701976776 0.34861111640930176 0.12968750298023224 0.34861111640930176 0.13046875596046448 0.3499999940395355 0.1328125 0.3499999940395355 0.13359375298023224 0.3513889014720917 0.13906249403953552 0.3513889014720917 0.13984374701976776 0.3499999940395355 0.14374999701976776 0.3499999940395355 0.14453125 0.34861111640930176 0.14609375596046448 0.34861111640930176 0.14687499403953552 0.3472222089767456 0.1484375 0.3472222089767456 0.14921875298023224 0.34583333134651184 0.15000000596046448 0.34583333134651184 0.15078124403953552 0.3444444537162781 0.15156249701976776 0.3444444537162781 0.15234375 0.3430555462837219 0.15390625596046448 0.3430555462837219 0.15390625596046448 0.33472222089767456 0.15468749403953552 0.3333333432674408 0.15468749403953552 0.3236111104488373 0.15390625596046448 0.3222222328186035 0.15390625596046448 0.31805557012557983 0.15312500298023224 0.3166666626930237 0.15312500298023224 0.3152777850627899 0.15234375 0.31388887763023376 0.15234375 0.3125 0.15156249701976776 0.3125 0.15078124403953552 0.31111112236976624 0.14921875298023224 0.31111112236976624 0.1484375 0.3125 0.14765624701976776 0.3125 0.14687499403953552 0.31388887763023376 0.14687499403953552 0.3152777850627899 0.14609375596046448 0.3166666626930237 0.14296874403953552 0.3166666626930237 0.14218750596046448 0.31805557012557983 0.14140625298023224 0.3166666626930237 0.13906249403953552 0.3166666626930237 0.13828125596046448 0.3152777850627899 0.13828125596046448 0.3083333373069763 0.13906249403953552 0.30694442987442017 0.13906249403953552 0.3055555522441864 0.14218750596046448 0.30000001192092896 0.14218750596046448 0.2986111044883728 0.14531250298023224 0.29305556416511536 0.14609375596046448 0.29305556416511536 0.14921875298023224 0.2874999940395355 0.14765624701976776 0.2847222089767456 0.14765624701976776 0.28333333134651184 0.14687499403953552 0.2819444537162781 0.14687499403953552 0.2805555462837219 0.14609375596046448 0.27916666865348816 0.14453125 0.27916666865348816 0.14374999701976776 0.2777777910232544 0.14296874403953552 0.2777777910232544 0.14140625298023224 0.2750000059604645 0.14140625298023224 0.2736110985279083 0.13984374701976776 0.2736110985279083 0.13906249403953552 0.27222222089767456 0.13828125596046448 0.27222222089767456 0.13750000298023224 0.2708333432674408 0.13750000298023224 0.26944443583488464 0.13671875 0.2680555582046509 0.13671875 0.2666666805744171 0.13593749701976776 0.2666666805744171 0.13515624403953552 0.26527777314186096
47 0.12734374403953552 0.26527777314186096 0.12656250596046448 0.2666666805744171 0.125 0.2666666805744171 0.12421874701976776 0.2680555582046509 0.12343750149011612 0.2680555582046509 0.12265624850988388 0.26944443583488464 0.12187500298023224 0.26944443583488464 0.12109375 0.2708333432674408 0.12031249701976776 0.2708333432674408 0.11796875298023224 0.2750000059604645 0.1171875 0.2750000059604645 0.11640624701976776 0.27638888359069824 0.11640624701976776 0.2777777910232544 0.11328125 0.28333333134651184 0.11328125 0.2847222089767456 0.11171875149011612 0.2874999940395355 0.11171875149011612 0.2888889014720917 0.11015625298023224 0.2916666567325592 0.11015625298023224 0.29305556416511536 0.109375 0.2944444417953491 0.109375 0.30000001192092896 0.10859374701976776 0.3013888895511627 0.109375 0.3027777671813965 0.109375 0.3097222149372101 0.11015625298023224 0.31111112236976624 0.11015625298023224 0.31388887763023376 0.11093749850988388 0.3152777850627899 0.11093749850988388 0.3166666626930237 0.11171875149011612 0.31805557012557983 0.11171875149011612 0.3194444477558136 0.11249999701976776 0.32083332538604736 0.11249999701976776 0.3222222328186035 0.11328125 0.3236111104488373 0.11328125 0.32499998807907104 0.11562500149011612 0.3291666805744171 0.11562500149011612 0.3305555582046509 0.11640624701976776 0.33194443583488464 0.11640624701976776 0.3333333432674408 0.12109375 0.34166666865348816 0.12109375 0.3430555462837219 0.12187500298023224 0.3430555462837219 0.12265624850988388 0.3444444537162781 0.12734374403953552 0.3444444537162781 0.13203124701976776 0.3361110985279083 0.13203124701976776 0.33472222089767456 0.1328125 0.3333333432674408 0.1328125 0.33194443583488464 0.13359375298023224 0.3305555582046509 0.13359375298023224 0.3291666805744171 0.13437500596046448 0.32777777314186096 0.13437500596046448 0.32499998807907104 0.13515624403953552 0.3236111104488373 0.13515624403953552 0.3222222328186035 0.13593749701976776 0.32083332538604736 0.13593749701976776 0.3166666626930237 0.13671875 0.3152777850627899 0.13671875 0.3125 0.13593749701976776 0.31111112236976624 0.13593749701976776 0.30416667461395264 0.13671875 0.3027777671813965 0.13671875 0.2944444417953491 0.13750000298023224 0.29305556416511536 0.13750000298023224 0.29027777910232544 0.13828125596046448 0.2888889014720917 0.13828125596046448 0.28611111640930176 0.13906249403953552 0.2847222089767456 0.13906249403953552 0.27916666865348816 0.13828125596046448 0.2777777910232544 0.13828125596046448 0.2736110985279083 0.13750000298023224 0.27222222089767456 0.13750000298023224 0.2708333432674408 0.13671875 0.26944443583488464 0.13671875 0.2680555582046509 0.13593749701976776 0.2666666805744171 0.13515624403953552 0.2666666805744171 0.13437500596046448 0.26527777314186096
